 
 # ids of atoms (i,j) for above smallest sepns
 (for species, e.g. (1,1); (1,2); (2,2))
   1:     1,   9    1,  33   33,  41
   2:    14,  18   11,  35   39,  53
   3:    14,  18   20, 196   39,  53
   4:    18, 105   20, 194   39,  53
   5:    14, 122   20, 192   39,  53
   6:     9,  21   20, 191   39,  53
   7:     9,  21    6,  42   35, 228
   8:    22,  25    6,  42   35, 233
   9:    22,  25   21,  57   35, 241
  10:    22,  25   21,  57   35,  52
  11:     8,  24   21,  57   35,  52
  12:     8,  24   25,  53   33,  59
  13:     8,  24   25,  53   33,  59
  14:     8,  24   22,  53   46, 222
  15:     8,  24   22,  53   36, 217
  16:     9,  27    3, 179   36, 216
  17:     9,  27   36,  75   49, 180
  18:     9,  27    3, 179   36, 214
  19:     9,  27   31,  47   36, 214
  20:     9,  27   31,  47   36, 224
  21:     9,  27   12,  36   36,  49
  22:     9, 154   12,  36   36,  49
  23:    27,  89   12,  36   36, 225
  24:     9, 152   12,  36   36, 227
  25:    27,  89   12,  36   36, 225
  26:     9, 151   10,  41   36, 225
  27:     9, 152   10,  41   47, 243
  28:     9, 152    1,  49   47, 244
  29:     9, 152    1,  49   35,  59
  30:     9, 151    1,  49   35,  59
  31:    12,  27   16,  64   36,  64
  32:    12,  27   16,  64   36,  64
  33:    12,  27   21,  39   36,  64
  34:    12,  27   16,  36   36,  64
  35:    12,  27   24,  64   41,  51
  36:    12,  27    3, 219   41,  51
  37:    12,  27   30,  46   41,  51
  38:    12,  27   13, 188   34,  58
  39:    12,  27   13,  37   42,  58
  40:    12,  27   14,  64   42,  58
  41:    12,  27   14,  64   42,  58
  42:    12,  27   49,  66   42,  58
  43:    12,  27    1, 225   42,  58
  44:    12,  27    1, 224   42,  58
  45:    12,  27   49,  66   42,  58
  46:     4,  26   16,  62   43,  58
  47:     4,  26   16,  62   43,  58
  48:     4,  26   17,  57   43,  58
  49:     4,  26   17,  57   43,  58
  50:    17,  25   17,  57   43,  58
  51:    17,  25   17,  57   37,  41
  52:    17,  25   34, 133   37,  41
  53:    17,  25   20, 184   37, 198
  54:     4,  26   20, 184   36,  58
  55:    17,  25    9,  42   36,  58
  56:    17,  25    9,  42   47,  61
  57:    17,  25   43, 159   47,  61
  58:     9,  25    1,  45   47,  61
  59:     9,  25   17,  49   38,  54
  60:     9,  25   17,  49   38,  54
  61:     9,  25   17,  49   38,  54
  62:     9,  25   17,  49   33,  59
  63:     7,  23   11,  43   33,  59
  64:     7,  23    3,  51   33,  59
  65:     7,  23    3, 232   33,  59
  66:     7,  23    3, 230   43,  57
  67:     7,  23    5, 213   43,  57
  68:     7,  23   14, 193   43,  57
  69:     7,  23   14, 195   43,  57
  70:     7,  23    7,  39   40,  56
  71:     7,  23    7,  39   39,  59
  72:     7,  23    3,  43   39,  59
  73:     9,  27    3,  43   39,  59
  74:     9,  27    3,  43   38,  58
  75:     9,  27   33,  98   38,  58
  76:     9,  27   15,  47   38,  58
  77:     9, 152    7, 207   38,  58
  78:     9, 154    7, 210   52,  63
  79:     4,  17   43,  83   52,  63
  80:     4,  17    7, 210   52,  63
  81:     4,  17    2,  42   40,  53
  82:     4, 112   27,  43   40,  53
  83:     4, 112   27,  43   40,  53
  84:     6,  23   21,  39   34,  64
  85:     6,  23   21,  39   34,  64
  86:     6,  23    3,  43   39,  44
  87:     6,  23    3,  43   39,  57
  88:     6,  23    5, 198   55,  63
  89:     6,  23    5, 198   38, 201
  90:     6,  23   45,  80   38, 206
  91:     6,  23    1,  41   38, 212
  92:     6,  23    1,  41   38, 212
  93:     6,  23   13,  37   38, 219
  94:    12,  28   27,  55   38, 216
  95:    12,  28   27,  55   39,  63
  96:    12,  28   27,  55   39,  63
  97:    12,  28   27,  55   45,  51
  98:    12,  28   23,  39   51, 210
  99:    12,  28   33,  73   45, 230
 100:    18,  68   17,  57   51, 209
 101:     1, 119    5, 192   45, 221
 102:     1, 119   41,  80   37, 195
 103:     1, 120   41,  80   37, 194
 104:     1, 116    5, 197   37,  41
 105:     1, 116   32,  63   37,  41
 106:    18,  69   32,  63   35,  59
 107:     1, 116   31,  55   35,  59
 108:     1, 116   31,  55   35,  59
 109:     1, 117   31,  55   35,  59
 110:    18,  69   20,  34   39,  57
 111:     1, 116    7,  47   39,  57
 112:     5,  22    7,  47   39,  57
 113:     5,  22    7,  47   40,  58
 114:     5,  22   15,  61   40,  58
 115:     5,  22   15,  61   40,  58
 116:    24,  31    5,  45   47,  62
 117:    24,  31    7,  40   47,  62
 118:    24,  31   17, 190   47,  62
 119:    24,  31   17, 188   34, 228
 120:    24,  31   18, 193   49, 182
 121:    24,  31   21,  61   49, 179
 122:    24,  31   21,  61   34, 225
 123:    24,  31   10,  58   33,  50
 124:    24,  31   19,  35   37, 200
 125:    11,  23   19,  35   37, 197
 126:    11,  23   19,  35   40,  56
 127:    11,  23   19,  35   40,  56
 128:    11,  23   19,  35   40,  56
 129:    11,  23   31, 243   33,  61
 130:     2,  92   20,  36   33,  61
 131:     2,  93   20,  36   35, 215
 132:     2,  93    2,  42   35, 219
 133:     2,  10    2, 207   34,  42
 134:     2,  10    2, 207   34,  42
 135:     2,  10    2,  42   44,  58
 136:     2,  10   12,  44   44,  58
 137:     2,  10   12,  44   33,  41
 138:     2,  10   12,  44   33,  41
 139:     9,  19   12,  44   55,  64
 140:     9,  19   17,  50   55,  64
 141:     9,  19    4,  36   55,  64
 142:     9,  19    4, 181   55,  64
 143:     9,  19   29,  62   40,  55
 144:     9,  19   29,  62   40,  55
 145:     9,  19    9, 190   40,  55
 146:     9,  19    2,  33   47, 229
 147:     9,  19    2,  33   47, 229
 148:     9,  19   29,  49   51,  64
 149:     9,  19   17, 168   51,  64
 150:     3,  27   17,  33   51,  64
 151:     3,  96   17,  33   51,  64
 152:     3,  96   17,  33   53,  58
 153:    11,  75   22,  58   53,  58
 154:    11,  75   25, 222   43,  58
 155:     3,  96   25, 227   43,  58
 156:     3,  96   32,  52   40,  54
 157:     3,  96    7,  47   40,  54
 158:     3,  96    7,  47   40,  62
 159:    11,  75    7,  47   47, 277
 160:    11,  75    7, 221   47,  62
 161:     3,  95   15,  39   36, 238
 162:    11,  75   10,  60   36, 237
 163:     3,  95    2,  50   36,  52
 164:     3,  96    8,  39   36,  52
 165:     6,  10    8,  39   39,  56
 166:     6,  10    8,  39   39,  56
 167:     6,  10   28,  52   47,  51
 168:     6,  10    3,  47   47,  51
 169:    16,  18    3,  47   47,  51
 170:    16,  18    3,  47   47,  51
 171:    16,  18    3,  47   43,  60
 172:    16,  18   22,  54   43,  60
 173:    16,  18   22,  54   43,  60
 174:    16,  18   22,  54   43,  60
 175:    16,  18   19,  35   43,  60
 176:    16,  18   15,  35   35,  63
 177:    16,  18    8,  40   47, 235
 178:    16,  18    8,  40   47, 236
 179:    16,  18   28,  59   47, 225
 180:    11,  28   28,  59   47, 224
 181:    11,  28   28,  59   40,  58
 182:    11,  28    5, 239   40,  58
 183:    11,  28   27,  59   40,  58
 184:     3,  31   27,  59   36,  44
 185:     3,  31   27,  59   36,  44
 186:     3,  31   27,  59   36,  44
 187:     5, 165    3,  47   52,  60
 188:     5, 166    3,  47   52,  60
 189:    12,  25    3, 220   52,  60
 190:    12,  25    7, 244   52,  60
 191:    12,  25    2, 176   45, 234
 192:    12,  25    2,  33   50, 174
 193:    12,  25   19,  63   33, 227
 194:    12,  25   19,  63   33, 228
 195:    12,  25   17, 222   33, 222
 196:    12,  25   17,  50   33,  50
 197:    12,  25    8,  40   35, 238
 198:    12,  25    8,  40   35,  52
 199:    12,  25    8,  40   39,  55
 200:    13,  30    1, 198   33, 196
 201:    13,  30    1, 198   33,  41
 202:    13,  30    1, 177   33,  41
 203:    13,  30   23,  63   33,  41
 204:    13,  30   23,  63   33,  41
 205:    13,  30   23,  63   50,  58
 206:    13,  30   18, 234   50,  58
 207:    13,  30   10,  60   50,  58
 208:    13,  30   10,  60   50,  58
 209:    13,  30   10,  60   34, 242
 210:    13,  30   33,  73   33, 274
 211:    13,  30    8,  39   33, 276
 212:    13,  30    8,  39   33, 277
 213:     4,  30    8,  39   33, 272
 214:     4,  30   12,  60   63, 175
 215:     4,  30   12,  60   33,  63
 216:     4,  30   50, 113   33,  63
 217:     4,  30   17, 229   33,  63
 218:     4,  30   17, 228   33,  63
 219:     4,  30   31,  63   33,  63
 220:     4,  30   31,  63   33,  63
 221:    15,  30    8,  48   33, 277
 222:    15,  30    8,  48   33, 264
 223:    15,  30    8,  48   33, 264
 224:    15,  30   29, 231   33, 263
 225:     2, 100   53, 156   33, 264
 226:     2, 100   29, 232   33, 263
 227:     2, 100    9, 167   33, 262
 228:     7, 151   12,  58   33, 259
 229:     7, 152   12,  58   33, 264
 230:     7, 152   12,  58   42,  60
 231:     7, 152   12,  58   42,  60
 232:     7,  27    2, 176   42,  60
 233:     7,  27   14, 189   56,  60
 234:     7,  27   14, 193   56,  60
 235:     7,  27   14, 192   37,  57
 236:     7,  27   38, 108   37,  57
 237:     7,  27    1,  34   37,  57
 238:     7,  27    1, 179   37,  42
 239:     7, 152    1, 179   37,  42
 240:     7, 153   26,  42   37,  42
 241:     9,  19   26,  42   37,  42
 242:     9,  19   26,  57   37,  42
 243:     9,  19   26,  57   37,  54
 244:    12,  27    2, 181   37,  54
 245:    12,  27   12,  60   37,  54
 246:    12,  27   20,  60   37,  54
 247:    12,  27   20,  60   42,  59
 248:    12,  27   20,  60   42,  56
 249:    12,  27    5,  37   42,  56
 250:    12,  27    5,  37   42,  56
 251:    32,  78    5,  37   42,  56
 252:    32,  78   28,  44   42,  56
 253:     4, 174    1, 178   35,  59
 254:     4,  32   45,  98   43,  51
 255:    11,  23   45,  98   53, 245
 256:    11,  23   43,  76   53,  57
 257:    11,  23    3, 203   53,  57
 258:    11,  23    6,  37   53,  57
 259:    11,  23   31,  63   53,  57
 260:    11,  23    9,  57   55,  63
 261:    11,  23    9,  57   55,  63
 262:    11,  23   30,  54   37,  63
 263:    11,  23   30,  54   56,  63
 264:    11,  23   14, 208   56,  63
 265:    11,  23   14, 219   56,  63
 266:    11,  23   14, 217   56,  63
 267:    11,  23    7,  39   56,  63
 268:     1,  27    7,  39   33,  61
 269:     1,  27    2, 241   33,  61
 270:     1,  27    2, 241   33,  61
 271:     8,  26    3, 221   35,  47
 272:     8,  26   11,  59   35,  47
 273:     8,  26   12,  44   39,  57
 274:     8,  26   12,  44   39,  57
 275:     8,  26   12,  44   39,  57
 276:     8,  26   12,  44   39,  57
 277:     8,  26    4, 190   39,  57
 278:     8,  26   26,  44   45,  63
 279:     8,  26   26,  44   45, 249
 280:     8,  26   26,  44   45,  55
 281:     8,  26    7,  47   45,  55
 282:     8,  26   10, 205   45,  55
 283:     8,  26    3, 188   45,  55
 284:    14,  30    3, 187   36, 233
 285:    14,  30    3, 182   43,  51
 286:    14,  30    2, 168   43,  51
 287:     1, 163    2, 169   43,  51
 288:     1, 164   19,  63   43,  51
 289:     1, 168   19,  63   44,  59
 290:     1, 169   19,  63   44,  59
 291:     1, 165    9,  42   44,  59
 292:     7,  12    2, 234   44,  59
 293:     7,  12    2, 235   44,  59
 294:     8,  32    2, 235   44,  59
 295:     8,  32   37,  80   45,  62
 296:     8,  32   31,  51   37,  63
 297:     8,  32   31,  51   37,  63
 298:     8,  32   12,  36   37,  63
 299:     8,  32   12,  36   37,  63
 300:     7,  12   12,  36   37,  63
 301:     7, 144   31,  45   33,  59
 302:     7, 141   31,  45   33,  59
 303:     8,  28   31,  45   33,  59
 304:     8,  28    4, 241   51,  59
 305:     8,  28   25,  58   51,  59
 306:     8,  28   25,  53   51,  59
 307:     8,  28   25, 243   37,  57
 308:     8,  28    5,  55   37,  57
 309:     1,  84   20, 241   37,  57
 310:     1,  84   20, 242   37,  57
 311:     1,  84   24,  55   37,  57
 312:     1,  84   31,  63   37,  57
 313:     1,  84   31,  63   37,  57
 314:     1,  84   31,  63   37,  57
 315:     1,  84   23,  59   39,  59
 316:     1,  84   23,  59   39,  59
 317:     1,  84   23,  59   39,  59
 318:    12,  22   23,  59   39,  59
 319:    12,  22   23,  59   39,  59
 320:    12,  22   32,  63   52,  63
 321:    12,  22   25,  57   49,  57
 322:    12,  22   22,  58   49,  57
 323:    12,  22   22,  58   49,  57
 324:    12,  22   57, 112   49,  57
 325:     3, 119   57, 113   59, 183
 326:     3, 120   17, 246   59, 185
 327:     3, 120   59, 126   33,  59
 328:     3, 118   59, 124   33,  59
 329:    15,  30   31,  63   33,  59
 330:    15,  30   13, 191   38,  55
 331:     1, 132   16,  64   38,  55
 332:     1, 133   16,  64   38,  55
 333:     1,  20   16,  64   38,  55
 334:     1,  20    9, 251   34,  58
 335:     5,  14    4,  44   34,  58
 336:     5,  14    4,  44   37,  57
 337:     5,  14    4,  44   37,  57
 338:     5,  14   23,  59   37,  57
 339:     5,  14   23,  59   37,  57
 340:     5,  14   23,  59   37,  57
 341:    10,  25    7,  53   46,  64
 342:    10,  25   24,  56   46,  64
 343:    10,  25   24,  56   46,  64
 344:    10,  25    2, 177   46,  64
 345:    10,  25   25,  58   46,  64
 346:    10,  25   25,  58   46,  64
 347:    10,  25   17,  57   46,  64
 348:    10,  25   17,  57   46,  64
 349:     1,   9    1,  33   33,  41
 350:     8,  26    4,  48   42,  60
 351:     8,  26    8,  44   42,  60
 352:     8,  26    8,  44   42,  60
 353:     8,  26    8,  44   42,  60
 354:     8,  26   11,  44   42,  60
 355:     8,  26   18,  58   48,  61
 356:     8,  26   22,  53   48,  61
 357:     8,  26   22,  53   48,  61
 358:     8,  26   22,  53   44,  60
 359:     8,  26   13, 221   44,  60
 360:     4,  32   13, 214   44,  60
 361:     4,  32    5,  38   44,  60
 362:    19,  28   12,  60   44,  60
 363:    19,  28    8,  48   44,  60
 364:    19,  28   26,  42   44,  60
 365:    19,  28   27,  43   36, 223
 366:    19,  28   27,  43   36, 223
 367:    19,  28   27, 200   36,  50
 368:    19,  28   28,  59   36,  50
 369:    19,  28   32,  48   36,  50
 370:     4,  20   32,  48   36,  50
 371:     4, 131    3,  49   48,  63
 372:     4, 130    3,  49   60, 181
 373:     4, 130   28,  42   34, 259
 374:     4, 132   28,  42   34,  60
 375:     4, 131    8,  44   34,  60
 376:     4, 129    8,  44   34,  60
 377:    13,  29    8,  44   34,  60
 378:    13,  29   17, 229   45,  49
 379:    13,  29   30,  48   45,  49
 380:    13, 157   30,  48   49, 211
 381:    13,  17   30,  48   48, 229
 382:    13,  17    1, 236   45, 237
 383:    13,  17   25,  57   45,  51
 384:    13,  17    4,  44   38,  64
 385:    13,  17   28,  59   56,  59
 386:    13,  17   13,  61   40,  64
 387:    13,  17   13,  61   40,  64
 388:    13,  17   13,  61   40,  64
 389:    13,  17   32,  46   40,  64
 390:    13,  17   32,  46   40,  64
 391:     7,  12   32,  46   40,  64
 392:     7,  12   29,  62   40,  64
 393:     7,  12   29,  62   47,  62
 394:     7,  12    9,  57   42,  57
 395:     7,  12   43,  83   42,  57
 396:     7,  12    7, 209   50,  61
 397:     3, 170   32,  64   50,  61
 398:     3, 168   31,  47   54,  57
 399:     3, 165   12,  58   54,  57
 400:     3, 169   12,  58   54,  57
 401:    20, 157   18,  34   54,  57
 402:    20, 160   18,  34   54,  57
 403:    20,  28   27,  41   54,  57
 404:    20,  28    7,  53   54,  57
 405:    20,  28    7,  53   54,  57
 406:    20,  28    7,  53   54,  57
 407:    20,  28    7,  53   53,  62
 408:    20,  28   23,  59   53,  62
 409:     7,  21   23,  59   38,  41
 410:     7,  21   23,  59   38,  41
 411:     7,  21   25,  41   38,  58
 412:     7,  21   17,  57   46,  63
 413:     7,  21   31,  45   46,  63
 414:     7,  21   31,  45   46,  63
 415:    13,  31   31, 208   46,  63
 416:    13,  31    6, 190   33, 242
 417:    13,  31    6, 191   33, 243
 418:    13,  31    6,  38   42,  54
 419:    13,  23   13,  37   42,  54
 420:    13,  23   13,  37   42,  54
 421:    13,  23   13,  37   39,  44
 422:     8,  28   51, 133   39,  44
 423:     8,  28   20, 234   39,  44
 424:     8,  28   20, 232   52,  60
 425:     8,  28   20, 230   37,  57
 426:     8,  28   26,  57   37,  57
 427:     8,  28   26,  57   37,  57
 428:     8,  28   26,  57   37, 242
 429:     3, 109   26,  57   37, 245
 430:     3,  15   19,  52   53, 197
 431:     3,  15   19, 233   53, 194
 432:     3,  15   19, 236   53, 194
 433:     3,  15   11,  59   56,  63
 434:     3,  15   25,  57   56,  63
 435:     3,  15   25,  57   36,  43
 436:     3,  15   25,  57   36,  43
 437:     3,  15   25,  57   36,  43
 438:    12,  18   20,  52   36,  43
 439:    12,  18   20,  52   51, 208
 440:    12,  18   20,  52   43, 231
 441:    12,  18   17,  61   43, 230
 442:    12,  18   17,  61   43,  55
 443:     9,  28    5, 237   43,  55
 444:     9,  28    5,  53   43, 237
 445:     9,  28    5,  53   43, 235
 446:     9,  28   31,  51   41,  53
 447:    28,  85   31,  51   41,  53
 448:     4,  26   31,  51   55,  64
 449:     4,  26   31,  51   55,  64
 450:     4,  26    8,  48   46,  56
 451:     4,  26    8,  48   46,  56
 452:     4,  26   12,  58   46,  56
 453:     4,  26   12,  58   46, 248
 454:     4,  26    9,  57   56, 219
 455:    13, 163   14,  64   56, 219
 456:    29,  98   13,  63   46, 244
 457:    13, 159   13,  63   36,  48
 458:    13, 159   13,  63   36,  48
 459:    29, 100   29,  53   36,  48
 460:    13, 160   12,  43   36,  48
 461:    13, 160   12,  43   43,  58
 462:    29, 100   12,  43   43,  58
 463:    29,  99   12,  43   43,  58
 464:    13, 161   12,  43   36,  43
 465:    13, 159   12,  60   36,  43
 466:    13, 154   12,  60   36,  43
 467:    13, 155   12,  60   36,  43
 468:    13, 157   38, 137   36,  43
 469:    13,  29   25,  53   38, 203
 470:    14,  24   26,  58   38, 203
 471:    14,  24   26,  58   38, 203
 472:    14,  24   27, 239   38, 199
 473:    10,  20   10,  34   38, 199
 474:    10,  20   10,  34   38,  60
 475:    10,  20   19,  59   38,  60
 476:    10,  20    2, 201   38,  60
 477:    10,  20   42,  72   38,  60
 478:    10,  20   16,  36   38,  60
 479:     4,  16   23,  59   34, 220
 480:     4,  16   23,  59   34,  46
 481:     4,  16   23,  59   34,  46
 482:     4,  16   12,  60   36,  44
 483:     4,  16   12,  60   36,  44
 484:     4,  16    3, 224   56,  63
 485:     4,  16    3, 225   56,  63
 486:     5,  22    3, 224   56,  63
 487:     5,  22   25, 207   56,  63
 488:     5, 146   25, 206   56,  63
 489:    16,  20   10,  42   56,  63
 490:    16,  20   10,  42   51, 260
 491:    16,  20   10,  42   51, 261
 492:    16,  20   29,  62   51,  60
 493:    16,  20   29,  62   51,  60
 494:     3, 119   14, 192   51,  60
 495:    16,  24   14, 189   54,  58
 496:    16,  24   14, 190   38, 212
 497:    16,  24   14, 191   38, 213
 498:    16,  24    9, 197   38, 210
 499:    16,  24    6, 188   42, 169
 500:    16,  24   19,  63   51,  63
 501:    16,  24   19,  63   51,  63
 502:    16,  24   19,  63   51,  63
 503:    16,  24   29,  47   40,  60
 504:    16,  24   29, 224   40,  60
 505:    12,  18   29, 219   40,  60
 506:    12,  18   23,  63   44,  50
 507:    12,  18   23,  63   44,  50
 508:    15,  23   23,  63   40,  53
 509:    15,  23   23,  63   56,  63
 510:    15,  23   23,  63   56,  63
 511:     5, 168   21,  37   56,  63
 512:     5, 174   21,  37   47,  64
 513:     5, 172    9, 204   47,  64
 514:     5, 172   41,  84   47,  64
 515:     5, 166    9, 198   47,  64
 516:     5, 162    9,  41   47,  64
 517:    11,  21   27, 225   47,  64
 518:    11,  21    8,  44   36,  58
 519:    11,  21    8,  44   36,  58
 520:    11,  21    8,  44   36,  58
 521:    11,  21   14, 219   36,  58
 522:    11,  21   14, 218   41,  60
 523:    11,  21   13, 207   41,  60
 524:    11,  21   13, 212   41,  60
 525:    11,  21   45, 104   41,  60
 526:     2,   9   32,  46   41,  60
 527:     2,   9   22,  58   41,  60
 528:     3,  31   18,  62   41,  60
 529:     3,  31   18,  62   34,  62
 530:     3,  31   18,  62   34,  50
 531:     3,  31   24,  60   34,  50
 532:     3,  31   13,  46   34,  50
 533:     3,  31   13,  46   34,  50
 534:     3,  31   13,  46   34,  50
 535:     3,  31   12,  40   34,  50
 536:     3,  31   12,  40   34,  50
 537:     6, 109   12,  40   43,  55
 538:     6, 108   10, 205   43,  55
 539:     6, 106   27, 200   43,  55
 540:     6,  14   27, 199   43,  55
 541:     6,  14   27, 199   43,  55
 542:     9, 137   27, 203   44,  58
 543:     9, 137   33,  74   56,  64
 544:    23,  85   19,  63   40,  64
 545:     9, 136   19,  63   40,  64
 546:     3,  12   19,  63   40,  64
 547:     3,  12   31,  55   40,  64
 548:     3,  12   12,  36   36,  58
 549:     3,  12   12,  36   36,  58
 550:     3,  12   13, 220   34, 235
 551:     3,  12   45, 102   49, 189
 552:     3,  12   26,  50   34, 231
 553:     3,  12   26,  50   34, 233
 554:     3,  12    8,  44   60, 183
 555:     9,  25   30,  61   60, 183
 556:     9,  25   30,  61   40,  58
 557:     9,  25   30,  61   40,  58
 558:     9,  25   21,  61   40,  58
 559:     9,  25   21,  61   40,  58
 560:    19,  31   21,  61   40,  58
 561:    19,  31   18, 229   41,  49
 562:    19,  31   32,  48   41,  49
 563:    19,  31   32,  48   41,  49
 564:    19,  31   32,  48   41, 220
 565:    10, 120   32,  48   49, 197
 566:    23,  32   32,  63   49,  61
 567:    23,  32   13,  46   49,  61
 568:    23,  32   13,  46   49,  61
 569:    14,  22    5,  38   49,  61
 570:    16,  20    5,  38   49,  61
 571:    16,  20    5,  38   50,  57
 572:    16,  20   17,  50   33, 210
 573:    16,  20   17,  50   35,  44
 574:    16,  20   14,  62   35,  44
 575:    16,  20   18,  49   35,  44
 576:    16,  20   18,  49   35,  44
 577:    16,  20    8,  39   35,  44
 578:    16,  20    8,  39   35,  44
 579:    16,  20   14,  46   35,  44
 580:     9,  19   14,  46   49, 184
 581:     9,  19   14, 218   49, 188
 582:     9,  19   26,  58   41,  57
 583:     9,  19    4,  48   41,  57
 584:     9,  19   19,  59   54,  58
 585:    14,  32   12,  44   54,  58
 586:    14,  32   12,  44   49,  61
 587:    14,  32   12,  44   49,  61
 588:    27,  96   28,  44   49,  61
 589:    27,  93   28,  44   37, 214
 590:    11,  27   28,  44   37, 212
 591:    11,  27   34,  69   37, 211
 592:    11,  27    8,  48   37, 206
 593:    11,  27    8,  48   37,  46
 594:    11,  27   26,  57   44,  57
 595:    11,  27   21,  39   44,  57
 596:    11,  27   21,  39   44,  57
 597:    21,  84   21,  39   44,  57
 598:     9, 130    4,  48   36,  48
 599:     9, 130    4,  48   36,  48
 600:     9,  21    4,  48   56,  59
 601:     9,  21    4,  48   56,  59
 602:     9,  21    2, 181   44,  59
 603:     9,  21   25,  57   38,  62
 604:     9,  21   25,  57   38,  62
 605:     9,  21   25,  57   38,  62
 606:     1, 142    8,  48   38,  62
 607:     1, 144   27,  59   57, 171
 608:     1, 144   10,  58   33, 246
 609:     1,  25   10,  58   46,  56
 610:    25,  65   15,  47   46,  56
 611:    17,  29    7,  39   46,  56
 612:    17,  29    7,  39   46,  56
 613:    17,  29    7,  39   46, 241
 614:    17,  29   12,  60   46, 248
 615:    17,  29    9, 203   46, 244
 616:     9,  73    9, 204   46, 245
 617:     9,  73    9,  42   42,  59
 618:     2,  85    9,  42   42,  59
 619:     9,  72    2,  33   42,  59
 620:     9,  73    5, 200   38,  60
 621:     2,  85    8,  44   38,  60
 622:     4,  28   10, 206   60, 197
 623:     4,  28   10, 263   38, 263
 624:     6,  13   10, 265   60, 199
 625:     6,  13   10, 272   38, 272
 626:     6,  13   23,  39   38, 265
 627:     6,  13    4,  44   38, 264
 628:     6,  13    4,  44   39,  48
 629:     6,  98   20,  34   43,  59
 630:     6,  99   13, 188   43,  59
 631:     6, 102   37, 102   43,  59
 632:     6, 102   13, 191   43,  59
 633:     7,  12   13, 193   43,  59
 634:     7,  12   21,  54   43,  59
 635:     7,  12   21,  54   43,  59
 636:     7,  12   21,  54   34,  49
 637:     7,  12   21,  54   34, 230
 638:     7,  12    8,  54   40,  58
 639:     7,  12    8,  40   40,  58
 640:     7,  12    8,  40   40,  58
 641:     8,  12    2,  46   40,  62
 642:     8,  12   20,  60   40,  62
 643:     8,  12    6,  42   42,  54
 644:     8,  12    6,  42   42,  54
 645:     8,  12   11,  39   53,  58
 646:     8,  12   11,  39   59, 242
 647:     9, 153   17,  33   46,  54
 648:     9, 152   17,  33   46,  54
 649:     9, 156   24,  60   46,  54
 650:     9, 157   24,  60   38,  60
 651:    10,  26   24,  60   38, 266
 652:    10,  26   30,  54   34, 236
 653:    10,  26   30,  54   34, 238
 654:    18,  26   26,  58   37,  55
 655:    18,  26   26,  58   36,  48
 656:    17,  25   26,  58   36,  48
 657:    17,  25   12,  60   36,  48
 658:    17,  25   12,  60   36,  48
 659:    17,  25   12,  60   40,  44
 660:    17,  25   18,  36   53,  58
 661:    17,  25   18,  36   53,  58
 662:    17,  25   18,  36   53,  58
 663:    17,  25   13,  61   53,  58
 664:    16,  22   29,  61   53,  58
 665:    16,  22   29,  61   39,  59
 666:    16,  22   12,  36   39,  59
 667:    16,  22   12,  36   39,  59
 668:    13,  29   12,  36   40,  55
 669:    13,  29   36, 132   36, 236
 670:    13,  29   20, 186   36, 238
