 
 # ids of atoms (i,j) for above smallest sepns
 (for species, e.g. (1,1); (1,2); (2,2))
   1:     1,   9    1,  33   33,  41
   2:    14,  18   11,  35   39,  53
   3:    14,  18   20, 196   39,  53
   4:    18, 105   20, 194   39,  53
   5:    14, 122   20, 192   39,  53
   6:     9,  21   20, 191   39,  53
   7:     9,  21    6,  42   35, 228
   8:    22,  25    6,  42   35, 233
   9:    22,  25   21,  57   35, 241
  10:    22,  25   21,  57   35,  52
  11:     8,  24   21,  57   35,  52
  12:     8,  24   25,  53   33,  59
  13:     8,  24   25,  53   33,  59
  14:     8,  24   22,  53   46, 222
  15:     8,  24   22,  53   36, 217
  16:     9,  27    3, 179   36, 216
  17:     9,  27   36,  75   49, 180
  18:     9,  27    3, 179   36, 214
  19:     9,  27   31,  47   36, 214
  20:     9,  27   31,  47   36, 224
  21:     9,  27   12,  36   36,  49
  22:     9, 154   12,  36   36,  49
  23:    27,  89   12,  36   36, 225
  24:     9, 152   12,  36   36, 227
  25:    27,  89   12,  36   36, 225
  26:     9, 151   10,  41   36, 225
  27:     9, 152   10,  41   47, 243
  28:     9, 152    1,  49   47, 244
  29:     9, 152    1,  49   35,  59
  30:     9, 151    1,  49   35,  59
  31:    12,  27   16,  64   36,  64
  32:    12,  27   16,  64   36,  64
  33:    12,  27   21,  39   36,  64
  34:    12,  27   16,  36   36,  64
  35:    12,  27   24,  64   41,  51
  36:    12,  27    3, 219   41,  51
  37:    12,  27   30,  46   41,  51
  38:    12,  27   13, 188   34,  58
  39:    12,  27   13,  37   42,  58
  40:    12,  27   14,  64   42,  58
  41:    12,  27   14,  64   42,  58
  42:    12,  27   49,  66   42,  58
  43:    12,  27    1, 225   42,  58
  44:    12,  27    1, 224   42,  58
  45:    12,  27    1, 225   42,  58
  46:     4,  26   16,  62   43,  58
  47:     4,  26   16,  62   43,  58
  48:     4,  26   17,  57   43,  58
  49:     4,  26   17,  57   43,  58
  50:    17,  25   17,  57   43,  58
  51:    17,  25   17,  57   37,  41
  52:    17,  25   20, 183   37,  41
  53:    17,  25   20, 184   37, 198
  54:     4,  26   20, 184   36,  58
  55:    17,  25    9,  42   36,  58
  56:    17,  25    9,  42   47,  61
  57:    17,  25   27, 209   47,  61
  58:     9,  25    1,  45   47,  61
  59:     9,  25   17,  49   38,  54
  60:     9,  25   17,  49   38,  54
  61:     9,  25   17,  49   38,  54
  62:     9,  25   17,  49   33,  59
  63:     7,  23   11,  43   33,  59
  64:     7,  23    3,  51   33,  59
  65:     7,  23    3, 232   33,  59
  66:     7,  23    3, 230   43,  57
  67:     7,  23    5, 213   43,  57
  68:     7,  23   14, 193   43,  57
  69:     7,  23   14, 195   43,  57
  70:     7,  23    7,  39   40,  56
  71:     7,  23    7,  39   39,  59
  72:     7,  23    3,  43   39,  59
  73:     9,  27    3,  43   39,  59
  74:     9,  27    3,  43   38,  58
  75:     9,  27   33,  98   38,  58
  76:     9,  27   15,  47   38,  58
  77:     9, 152    7, 207   38,  58
  78:     9, 154    7, 210   52,  63
  79:     4,  17    7, 209   52,  63
  80:     4,  17    7, 210   52,  63
  81:     4,  17    2,  42   40,  53
  82:     4, 112   27,  43   40,  53
  83:     4, 112   27,  43   40,  53
  84:     6,  23   21,  39   34,  64
  85:     6,  23   21,  39   34,  64
  86:     6,  23    3,  43   39,  44
  87:     6,  23    3,  43   39,  57
  88:     6,  23    5, 198   55,  63
  89:     6,  23    5, 198   38, 201
  90:     6,  23   45,  80   38, 206
  91:     6,  23    1,  41   38, 212
  92:     6,  23    1,  41   38, 212
  93:     6,  23   13,  37   45, 199
  94:    12,  28   27,  55   38, 216
  95:    12,  28   27,  55   39,  63
  96:    12,  28   27,  55   39,  63
  97:    12,  28   27,  55   45,  51
  98:    12,  28   23,  39   51, 210
  99:    12,  28   33,  73   45, 230
 100:     1, 118   17,  57   51, 209
 101:    18,  68    5, 192   45, 221
 102:     1, 119   41,  80   37, 195
 103:     1, 120   41,  80   37, 194
 104:     1, 116    5, 197   37,  41
 105:     1, 116   32,  63   37,  41
 106:    18,  69   32,  63   35,  59
 107:     1, 116   31,  55   35,  59
 108:     1, 116   31,  55   35,  59
 109:     1, 117   31,  55   35,  59
 110:    18,  69   20,  34   39,  57
 111:     1, 116    7,  47   39,  57
 112:     5,  22    7,  47   39,  57
 113:     5,  22    7,  47   40,  58
 114:     5,  22   15,  61   40,  58
 115:     5,  22   15,  61   40,  58
 116:    24,  31    5,  45   47,  62
 117:    24,  31    7,  40   47,  62
 118:    24,  31   17, 190   47,  62
 119:    24,  31   17, 188   34, 228
 120:    24,  31   36, 124   49, 182
 121:    24,  31   21,  61   49, 179
 122:    24,  31   21,  61   34, 225
 123:    24,  31   10,  58   33,  50
 124:    24,  31   19,  35   37, 200
 125:    11,  23   19,  35   37, 197
 126:    11,  23   19,  35   40,  56
 127:    11,  23   19,  35   40,  56
 128:    11,  23   19,  35   40,  56
 129:    11,  23   31, 243   33,  61
 130:     2,  92   20,  36   33,  61
 131:     2,  93   20,  36   35, 215
 132:     2,  93    2,  42   35, 219
 133:     2,  10    2, 207   34,  42
 134:     2,  10    2, 207   34,  42
 135:     2,  10    2,  42   44,  58
 136:     2,  10   12,  44   44,  58
 137:     2,  10   12,  44   33,  41
 138:     2,  10   12,  44   33,  41
 139:     9,  19   12,  44   55,  64
 140:     9,  19   17,  50   55,  64
 141:     9,  19    4,  36   55,  64
 142:     9,  19    4, 181   55,  64
 143:     9,  19   29,  62   40,  55
 144:     9,  19   29,  62   40,  55
 145:     9,  19    9, 190   40,  55
 146:     9,  19    2,  33   47, 229
 147:     9,  19    2,  33   47, 229
 148:     9,  19   29,  49   51,  64
 149:     9,  19   17, 168   51,  64
 150:     3,  27   17,  33   51,  64
 151:     3,  96   17,  33   51,  64
 152:     3,  96   17,  33   53,  58
 153:    11,  75   22,  58   53,  58
 154:    11,  75   25, 222   43,  58
 155:     3,  96   25, 227   43,  58
 156:     3,  96   32,  52   40,  54
 157:     3,  96    7,  47   40,  54
 158:     3,  96    7,  47   40,  62
 159:    11,  75    7,  47   47, 277
 160:    11,  75    7, 221   47,  62
 161:     3,  95   15,  39   36, 238
 162:    11,  75   10,  60   36, 237
 163:     3,  95    2,  50   36,  52
 164:     3,  96    8,  39   36,  52
 165:     6,  10    8,  39   39,  56
 166:     6,  10    8,  39   39,  56
 167:     6,  10   28,  52   47,  51
 168:     6,  10    3,  47   47,  51
 169:    16,  18    3,  47   47,  51
 170:    16,  18    3,  47   47,  51
 171:    16,  18    3,  47   43,  60
 172:    16,  18   22,  54   43,  60
 173:    16,  18   22,  54   43,  60
 174:    16,  18   22,  54   43,  60
 175:    16,  18   19,  35   43,  60
 176:    16,  18   15,  35   35,  63
 177:    16,  18    8,  40   47, 235
 178:    16,  18    8,  40   47, 236
 179:    16,  18   28,  59   47, 225
 180:    11,  28   28,  59   47, 224
 181:    11,  28   28,  59   40,  58
 182:    11,  28    5, 239   40,  58
 183:    11,  28   27,  59   40,  58
 184:     3,  31   27,  59   36,  44
 185:     3,  31   27,  59   36,  44
 186:     3,  31   27,  59   36,  44
 187:     5, 165    3,  47   52,  60
 188:     5, 166    3,  47   52,  60
 189:    12,  25    3, 220   52,  60
 190:    12,  25    7, 244   52,  60
 191:    12,  25    2, 176   45, 234
 192:    12,  25    2,  33   50, 174
 193:    12,  25   19,  63   33, 227
 194:    12,  25   19,  63   33, 228
 195:    12,  25   17, 222   33, 222
 196:    12,  25   17,  50   33,  50
 197:    12,  25    8,  40   35, 238
 198:    12,  25    8,  40   35,  52
 199:    12,  25    8,  40   39,  55
 200:    13,  30    1, 198   33, 196
 201:    13,  30    1, 198   33,  41
 202:    13,  30    1, 177   33,  41
 203:    13,  30   23,  63   33,  41
 204:    13,  30   23,  63   33,  41
 205:    13,  30   23,  63   50,  58
 206:    13,  30   50, 121   50,  58
 207:    13,  30   10,  60   50,  58
 208:    13,  30   10,  60   50,  58
 209:    13,  30   10,  60   34, 242
 210:    13,  30   33,  73   33, 274
 211:    13,  30    8,  39   33, 276
 212:    13,  30    8,  39   63, 176
 213:     4,  30    8,  39   63, 172
 214:     4,  30   12,  60   33, 276
 215:     4,  30   12,  60   33,  63
 216:     4,  30   17, 224   33,  63
 217:     4,  30   17, 229   33,  63
 218:     4,  30   17, 228   33,  63
 219:     4,  30   31,  63   33,  63
 220:     4,  30   31,  63   33,  63
 221:    15,  30    8,  48   33, 277
 222:    15,  30    8,  48   33, 264
 223:    15,  30    8,  48   63, 169
 224:    15,  30   29, 231   33, 263
 225:     2, 100   29, 232   33, 264
 226:     2, 100   29, 232   33, 263
 227:     2, 100    9, 167   33, 262
 228:     7, 151   12,  58   33, 259
 229:     7, 152   12,  58   33, 264
 230:     7, 152   12,  58   42,  60
 231:     7, 152   12,  58   42,  60
 232:     7,  27    2, 176   42,  60
 233:     7,  27   14, 189   56,  60
 234:     7,  27   14, 193   56,  60
 235:     7,  27   14, 192   37,  57
 236:     7,  27   14, 193   37,  57
 237:     7,  27    1,  34   37,  57
 238:     7,  27    1, 179   37,  42
 239:     7, 152    1, 179   37,  42
 240:     7, 153   26,  42   37,  42
 241:     9,  19   26,  42   37,  42
 242:     9,  19   26,  57   37,  42
 243:     9,  19   26,  57   37,  54
 244:    12,  27    2, 181   37,  54
 245:    12,  27   12,  60   37,  54
 246:    12,  27   20,  60   37,  54
 247:    12,  27   20,  60   42,  59
 248:    12,  27   20,  60   42,  56
 249:    12,  27    5,  37   42,  56
 250:    12,  27    5,  37   42,  56
 251:    32,  78    5,  37   42,  56
 252:    32,  78   28,  44   42,  56
 253:     4, 174    1, 178   35,  59
 254:     4,  32   13, 207   43,  51
 255:    11,  23   13, 206   53, 245
 256:    11,  23   43,  76   53,  57
 257:    11,  23    3, 203   53,  57
 258:    11,  23    6,  37   53,  57
 259:    11,  23   31,  63   53,  57
 260:    11,  23    9,  57   55,  63
 261:    11,  23    9,  57   55,  63
 262:    11,  23   30,  54   37,  63
 263:    11,  23   30,  54   56,  63
 264:    11,  23   14, 208   56,  63
 265:    11,  23   14, 219   56,  63
 266:    11,  23   14, 217   56,  63
 267:    11,  23    7,  39   56,  63
 268:     1,  27    7,  39   33,  61
 269:     1,  27    2, 241   33,  61
 270:     1,  27    2, 241   33,  61
 271:     8,  26    3, 221   35,  47
 272:     8,  26   11,  59   35,  47
 273:     8,  26   12,  44   39,  57
 274:     8,  26   12,  44   39,  57
 275:     8,  26   12,  44   39,  57
 276:     8,  26   12,  44   39,  57
 277:     8,  26    4, 190   39,  57
 278:     8,  26   26,  44   45,  63
 279:     8,  26   26,  44   45, 249
 280:     8,  26   26,  44   45,  55
 281:     8,  26    7,  47   45,  55
 282:     8,  26   10, 205   45,  55
 283:     8,  26    3, 188   45,  55
 284:    14,  30    3, 187   36, 233
 285:    14,  30    3, 182   43,  51
 286:    14,  30    2, 168   43,  51
 287:     1, 163    2, 169   43,  51
 288:     1, 164   19,  63   43,  51
 289:     1, 168   19,  63   44,  59
 290:     1, 169   19,  63   44,  59
 291:     1, 165    9,  42   44,  59
 292:     7,  12    2, 234   44,  59
 293:     7,  12    2, 235   44,  59
 294:     8,  32    2, 235   44,  59
 295:     8,  32   37,  80   45,  62
 296:     8,  32   31,  51   37,  63
 297:     8,  32   31,  51   37,  63
 298:     8,  32   12,  36   37,  63
 299:     8,  32   12,  36   37,  63
 300:     7,  12   12,  36   37,  63
 301:     7, 144   31,  45   33,  59
 302:     7, 141   31,  45   33,  59
 303:     8,  28   31,  45   33,  59
 304:     8,  28    4, 241   51,  59
 305:     8,  28   25,  58   51,  59
 306:     8,  28   25,  53   51,  59
 307:     8,  28   25, 243   37,  57
 308:     8,  28    5,  55   37,  57
 309:     1,  84   20, 241   37,  57
 310:     1,  84   20, 242   37,  57
 311:     1,  84   24,  55   37,  57
 312:     1,  84   31,  63   37,  57
 313:     1,  84   31,  63   37,  57
 314:     1,  84   31,  63   37,  57
 315:     1,  84   23,  59   39,  59
 316:     1,  84   23,  59   39,  59
 317:     1,  84   23,  59   39,  59
 318:    12,  22   23,  59   39,  59
 319:    12,  22   23,  59   39,  59
 320:    12,  22   32,  63   52,  63
 321:    12,  22   25,  57   49,  57
 322:    12,  22   22,  58   49,  57
 323:    12,  22   22,  58   49,  57
 324:    12,  22   57, 112   49,  57
 325:     3, 119   57, 113   59, 183
 326:    18,  76   17, 246   59, 185
 327:     3, 120   59, 126   33,  59
 328:     3, 118   59, 124   33,  59
 329:    15,  30   31,  63   33,  59
 330:    15,  30   13, 191   38,  55
 331:     1, 132   16,  64   38,  55
 332:     1, 133   16,  64   38,  55
 333:     1,  20   16,  64   38,  55
 334:     1,  20    9, 251   34,  58
 335:     5,  14    4,  44   34,  58
 336:     5,  14    4,  44   37,  57
 337:     5,  14    4,  44   37,  57
 338:     5,  14   23,  59   37,  57
 339:     5,  14   23,  59   37,  57
 340:     5,  14   23,  59   37,  57
 341:    10,  25    7,  53   46,  64
 342:    10,  25   24,  56   46,  64
 343:    10,  25   24,  56   46,  64
 344:    10,  25   33,  74   46,  64
 345:    10,  25   25,  58   46,  64
 346:    10,  25   25,  58   46,  64
 347:    10,  25   17,  57   46,  64
 348:    10,  25   17,  57   46,  64
 349:     1,   9    1,  33   33,  41
 350:     8,  26    4,  48   42,  60
 351:     8,  26    8,  44   42,  60
 352:     8,  26    8,  44   42,  60
 353:     8,  26    8,  44   42,  60
 354:     8,  26   11,  44   42,  60
 355:     8,  26   18,  58   48,  61
 356:     8,  26   22,  53   48,  61
 357:     8,  26   22,  53   48,  61
 358:     8,  26   22,  53   44,  60
 359:     8,  26   13, 221   44,  60
 360:     4,  32   13, 214   44,  60
 361:     4,  32    5,  38   44,  60
 362:    19,  28   12,  60   44,  60
 363:    19,  28    8,  48   44,  60
 364:    19,  28   26,  42   44,  60
 365:    19,  28   27,  43   36, 223
 366:    19,  28   27,  43   36, 223
 367:    19,  28   27, 200   36,  50
 368:    19,  28   28,  59   36,  50
 369:    19,  28   32,  48   36,  50
 370:     4,  20   32,  48   36,  50
 371:     4, 131    3,  49   48,  63
 372:     4, 130    3,  49   60, 181
 373:     4, 130   28,  42   34, 259
 374:     4, 132   28,  42   34,  60
 375:     4, 131    8,  44   34,  60
 376:     4, 129    8,  44   34,  60
 377:    13,  29    8,  44   34,  60
 378:    13,  29   17, 229   45,  49
 379:    13,  29   30,  48   45,  49
 380:    13, 157   30,  48   49, 211
 381:    13,  17   30,  48   48, 229
 382:    13,  17   51,  68   45, 237
 383:    13,  17   25,  57   45,  51
 384:    13,  17    4,  44   38,  64
 385:    13,  17   28,  59   56,  59
 386:    13,  17   13,  61   40,  64
 387:    13,  17   13,  61   40,  64
 388:    13,  17   13,  61   40,  64
 389:    13,  17   32,  46   40,  64
 390:    13,  17   32,  46   40,  64
 391:     7,  12   32,  46   40,  64
 392:     7,  12   29,  62   40,  64
 393:     7,  12   29,  62   47,  62
 394:     7,  12    9,  57   42,  57
 395:     7,  12   43,  83   42,  57
 396:     7,  12    7, 209   50,  61
 397:    31,  77   32,  64   50,  61
 398:     3, 168   31,  47   54,  57
 399:     3, 165   12,  58   54,  57
 400:    31,  77   12,  58   54,  57
 401:    20, 157   18,  34   54,  57
 402:    28, 133   18,  34   54,  57
 403:    20,  28   27,  41   54,  57
 404:    20,  28    7,  53   54,  57
 405:    20,  28    7,  53   54,  57
 406:    20,  28    7,  53   54,  57
 407:    20,  28    7,  53   53,  62
 408:    20,  28   23,  59   53,  62
 409:     7,  21   23,  59   38,  41
 410:     7,  21   23,  59   38,  41
 411:     7,  21   25,  41   38,  58
 412:     7,  21   17,  57   46,  63
 413:     7,  21   31,  45   46,  63
 414:     7,  21   31,  45   46,  63
 415:    13,  31   31, 208   46,  63
 416:    13,  31    6, 190   33, 242
 417:    13,  31    6, 191   33, 243
 418:    13,  31    6,  38   42,  54
 419:    13,  23   13,  37   42,  54
 420:    13,  23   13,  37   42,  54
 421:    13,  23   13,  37   39,  44
 422:     8,  28   51, 133   39,  44
 423:     8,  28   20, 234   39,  44
 424:     8,  28   51, 132   52,  60
 425:     8,  28   20, 230   37,  57
 426:     8,  28   26,  57   37,  57
 427:     8,  28   26,  57   37,  57
 428:     8,  28   26,  57   37, 242
 429:     3, 109   26,  57   37, 245
 430:     3,  15   19,  52   39, 240
 431:     3,  15   19, 233   53, 194
 432:     3,  15   19, 236   53, 194
 433:     3,  15   11,  59   56,  63
 434:     3,  15   25,  57   56,  63
 435:     3,  15   25,  57   36,  43
 436:     3,  15   25,  57   36,  43
 437:     3,  15   25,  57   36,  43
 438:    12,  18   20,  52   36,  43
 439:    12,  18   20,  52   43, 236
 440:    12,  18   20,  52   43, 231
 441:    12,  18   17,  61   43, 230
 442:    12,  18   17,  61   43,  55
 443:     9,  28    5, 237   43,  55
 444:     9,  28    5,  53   43, 237
 445:     9,  28    5,  53   43, 235
 446:     9,  28   31,  51   41,  53
 447:    28,  85   31,  51   41,  53
 448:     4,  26   31,  51   55,  64
 449:     4,  26   31,  51   55,  64
 450:     4,  26    8,  48   46,  56
 451:     4,  26    8,  48   46,  56
 452:     4,  26   12,  58   46,  56
 453:     4,  26   12,  58   46, 248
 454:     4,  26    9,  57   56, 219
 455:    13, 163   14,  64   56, 219
 456:    29,  98   13,  63   46, 244
 457:    13, 159   13,  63   36,  48
 458:    13, 159   13,  63   36,  48
 459:    29, 100   29,  53   36,  48
 460:    13, 160   12,  43   36,  48
 461:    13, 160   12,  43   43,  58
 462:    29, 100   12,  43   43,  58
 463:    29,  99   12,  43   43,  58
 464:    13, 161   12,  43   36,  43
 465:    13, 159   12,  60   36,  43
 466:    13, 154   12,  60   36,  43
 467:    13, 155   12,  60   36,  43
 468:    29,  97   38, 137   36,  43
 469:    13,  29   25,  53   38, 203
 470:    14,  24   26,  58   38, 203
 471:    14,  24   26,  58   42, 194
 472:    14,  24   27, 239   42, 189
 473:    10,  20   10,  34   38, 199
 474:    10,  20   10,  34   38,  60
 475:    10,  20   19,  59   38,  60
 476:    10,  20    2, 201   38,  60
 477:    10,  20    2, 202   38,  60
 478:    10,  20   16,  36   38,  60
 479:     4,  16   23,  59   34, 220
 480:     4,  16   23,  59   34,  46
 481:     4,  16   23,  59   34,  46
 482:     4,  16   12,  60   36,  44
 483:     4,  16   12,  60   36,  44
 484:     4,  16    3, 224   56,  63
 485:     4,  16    3, 225   56,  63
 486:     5,  22    3, 224   56,  63
 487:     5,  22   43, 145   56,  63
 488:     5, 146   25, 206   56,  63
 489:    16,  20   10,  42   56,  63
 490:    16,  20   10,  42   51, 260
 491:    16,  20   10,  42   51, 261
 492:    16,  20   29,  62   51,  60
 493:    16,  20   29,  62   51,  60
 494:     3, 119   14, 192   51,  60
 495:    16,  24   14, 189   54,  58
 496:    16,  24   14, 190   38, 212
 497:    16,  24   14, 191   46, 191
 498:    16,  24    9, 197   38, 210
 499:    16,  24    6, 188   42, 169
 500:    16,  24   19,  63   51,  63
 501:    16,  24   19,  63   51,  63
 502:    16,  24   19,  63   51,  63
 503:    16,  24   29,  47   40,  60
 504:    16,  24   29, 224   40,  60
 505:    12,  18   29, 219   40,  60
 506:    12,  18   23,  63   44,  50
 507:    12,  18   23,  63   44,  50
 508:    15,  23   23,  63   40,  53
 509:    15,  23   23,  63   56,  63
 510:    15,  23   23,  63   56,  63
 511:     5, 168   21,  37   56,  63
 512:     5, 174   21,  37   47,  64
 513:     5, 172    9, 204   47,  64
 514:     5, 172   41,  84   47,  64
 515:     5, 166    9, 198   47,  64
 516:     5, 162    9,  41   47,  64
 517:    11,  21   27, 225   47,  64
 518:    11,  21    8,  44   36,  58
 519:    11,  21    8,  44   36,  58
 520:    11,  21    8,  44   36,  58
 521:    11,  21   14, 219   36,  58
 522:    11,  21   14, 218   41,  60
 523:    11,  21   13, 207   41,  60
 524:    11,  21   13, 212   41,  60
 525:    11,  21   13, 210   41,  60
 526:     2,   9   32,  46   41,  60
 527:     2,   9   22,  58   41,  60
 528:     3,  31   18,  62   41,  60
 529:     3,  31   18,  62   34,  62
 530:     3,  31   18,  62   34,  50
 531:     3,  31   24,  60   34,  50
 532:     3,  31   13,  46   34,  50
 533:     3,  31   13,  46   34,  50
 534:     3,  31   13,  46   34,  50
 535:     3,  31   12,  40   34,  50
 536:     3,  31   12,  40   34,  50
 537:     6, 109   12,  40   43,  55
 538:     6, 108   10, 205   43,  55
 539:     6, 106   27, 200   43,  55
 540:     6,  14   27, 199   43,  55
 541:     6,  14   27, 199   43,  55
 542:     9, 137   43, 149   44,  58
 543:     9, 137    2, 173   56,  64
 544:    23,  85   19,  63   40,  64
 545:    23,  85   19,  63   40,  64
 546:     3,  12   19,  63   40,  64
 547:     3,  12   31,  55   40,  64
 548:     3,  12   12,  36   36,  58
 549:     3,  12   12,  36   36,  58
 550:     3,  12   13, 220   34, 235
 551:     3,  12   13, 219   49, 189
 552:     3,  12   26,  50   34, 231
 553:     3,  12   26,  50   34, 233
 554:     3,  12    8,  44   34, 261
 555:     9,  25   30,  61   60, 183
 556:     9,  25   30,  61   40,  58
 557:     9,  25   30,  61   40,  58
 558:     9,  25   21,  61   40,  58
 559:     9,  25   21,  61   40,  58
 560:    19,  31   21,  61   40,  58
 561:    19,  31   18, 229   41,  49
 562:    19,  31   32,  48   41,  49
 563:    19,  31   32,  48   41,  49
 564:    19,  31   32,  48   41, 220
 565:    10, 120   32,  48   49, 197
 566:    23,  32   32,  63   49,  61
 567:    23,  32   13,  46   49,  61
 568:    23,  32   13,  46   49,  61
 569:    14,  22    5,  38   49,  61
 570:    16,  20    5,  38   49,  61
 571:    16,  20    5,  38   50,  57
 572:    16,  20   17,  50   33, 210
 573:    16,  20   17,  50   35,  44
 574:    16,  20   14,  62   35,  44
 575:    16,  20   18,  49   35,  44
 576:    16,  20   18,  49   35,  44
 577:    16,  20    8,  39   35,  44
 578:    16,  20    8,  39   35,  44
 579:    16,  20   14,  46   35,  44
 580:     9,  19   14,  46   36, 218
 581:     9,  19   14, 218   49, 188
 582:     9,  19   26,  58   41,  57
 583:     9,  19    4,  48   41,  57
 584:     9,  19   19,  59   54,  58
 585:    14,  32   12,  44   54,  58
 586:    14,  32   12,  44   49,  61
 587:    14,  32   12,  44   49,  61
 588:    27,  96   28,  44   49,  61
 589:    27,  93   28,  44   37, 214
 590:    11,  27   28,  44   37, 212
 591:    11,  27   34,  69   37, 211
 592:    11,  27    8,  48   37, 206
 593:    11,  27    8,  48   37,  46
 594:    11,  27   26,  57   44,  57
 595:    11,  27   21,  39   44,  57
 596:    11,  27   21,  39   44,  57
 597:    21,  84   21,  39   44,  57
 598:     9, 130    4,  48   36,  48
 599:     9, 130    4,  48   36,  48
 600:     9,  21    4,  48   56,  59
 601:     9,  21    4,  48   56,  59
 602:     9,  21    2, 181   44,  59
 603:     9,  21   25,  57   38,  62
 604:     9,  21   25,  57   38,  62
 605:     9,  21   25,  57   38,  62
 606:     1, 142    8,  48   38,  62
 607:     1, 144   27,  59   57, 171
 608:     1, 144   10,  58   33, 246
 609:     1,  25   10,  58   46,  56
 610:    25,  65   15,  47   46,  56
 611:    17,  29    7,  39   46,  56
 612:    17,  29    7,  39   46,  56
 613:    17,  29    7,  39   46, 241
 614:    17,  29   12,  60   46, 248
 615:    17,  29    9, 203   46, 244
 616:     9,  73    9, 204   56, 218
 617:     2,  85    9,  42   42,  59
 618:     2,  85    9,  42   42,  59
 619:     9,  72    2,  33   42,  59
 620:     9,  73    5, 200   38,  60
 621:     2,  85    8,  44   38,  60
 622:     4,  28   10, 206   60, 197
 623:     4,  28   10, 263   38, 263
 624:     6,  13   10, 265   60, 199
 625:     6,  13   10, 272   38, 272
 626:     6,  13   23,  39   38, 265
 627:     6,  13    4,  44   38, 264
 628:     6,  13    4,  44   39,  48
 629:     6,  98   20,  34   43,  59
 630:     6,  99   13, 188   43,  59
 631:     6, 102   13, 193   43,  59
 632:     6, 102   13, 191   43,  59
 633:     7,  12   13, 193   43,  59
 634:     7,  12   21,  54   43,  59
 635:     7,  12   21,  54   43,  59
 636:     7,  12   21,  54   34,  49
 637:     7,  12   21,  54   34, 230
 638:     7,  12    8,  54   40,  58
 639:     7,  12    8,  40   40,  58
 640:     7,  12    8,  40   40,  58
 641:     8,  12    2,  46   40,  62
 642:     8,  12   20,  60   40,  62
 643:     8,  12    6,  42   42,  54
 644:     8,  12    6,  42   42,  54
 645:     8,  12   11,  39   53,  58
 646:     8,  12   11,  39   59, 242
 647:     9, 153   17,  33   46,  54
 648:     9, 152   17,  33   46,  54
 649:     9, 156   24,  60   46,  54
 650:     9, 157   24,  60   38,  60
 651:    10,  26   24,  60   38, 266
 652:    10,  26   30,  54   34, 236
 653:    10,  26   30,  54   34, 238
 654:    18,  26   26,  58   37,  55
 655:    18,  26   26,  58   36,  48
 656:    17,  25   26,  58   36,  48
 657:    17,  25   12,  60   36,  48
 658:    17,  25   12,  60   36,  48
 659:    17,  25   12,  60   40,  44
 660:    17,  25   18,  36   53,  58
 661:    17,  25   18,  36   53,  58
 662:    17,  25   18,  36   53,  58
 663:    17,  25   13,  61   53,  58
 664:    16,  22   29,  61   53,  58
 665:    16,  22   29,  61   39,  59
 666:    16,  22   12,  36   39,  59
 667:    16,  22   12,  36   39,  59
 668:    13,  29   12,  36   40,  55
 669:    13,  29   20, 185   36, 236
 670:    13,  29   20, 186   36, 238
 671:    13,  29   20, 189   36, 243
 672:    13,  29   28,  59   36, 241
 673:    13,  29   28,  59   36, 235
 674:    13,  29    8,  56   50,  58
 675:    13,  29   26,  44   50,  58
 676:    11,  26   26,  44   50,  58
 677:    11,  26   26,  44   50,  58
 678:    11,  26   18,  36   50,  58
 679:    11,  26   18,  36   44,  50
 680:    11,  26   20,  34   44,  50
 681:    11,  26   20, 173   44,  50
 682:    11,  26   16,  36   44,  50
 683:    11,  26   16,  36   35, 204
 684:    11,  26   16,  36   43,  53
 685:    11,  26    7, 233   42,  56
 686:    11,  26   17,  50   42,  56
 687:    10,  20    6,  56   42,  56
 688:    10,  20   12,  58   42,  56
 689:     4,  16   12,  58   42,  56
 690:     4,  16   12,  58   34, 223
 691:     4,  16   12,  36   40,  44
 692:     4,  16   12,  36   40,  44
 693:    21,  30   51, 126   40,  44
 694:    21,  30   19, 239   40,  44
 695:    21,  30   51, 128   40,  44
 696:    21,  30   20, 244   40,  44
 697:    21,  30   20,  52   36,  64
 698:    21,  30   20,  52   36,  64
 699:    21,  30   16,  36   36,  64
 700:    21,  30   16,  36   36,  64
 701:    21,  30   16,  36   42,  52
 702:    21,  30   23,  56   42,  52
 703:     6,  23   17,  49   42,  52
 704:     2,  18   17, 225   55,  64
 705:     2,  18   29,  62   55,  64
 706:     2,  18    4,  44   55,  64
 707:    18,  26    4,  44   38,  64
 708:    18,  26   14,  64   38,  64
 709:    18,  26   24,  64   38,  64
 710:    18,  26   24,  64   56,  64
 711:     1,   9    1,  33   33,  41
 712:     5,  84    2, 172   41,  57
 713:     5,   9    2, 173   41,  57
 714:     5,   9    2, 173   38,  60
 715:     5,   9   13,  37   38,  60
 716:     5,   9   13,  37   38,  60
 717:     5,   9   13,  37   38,  55
 718:     5,   9   13,  37   38,  55
 719:     5,   9   27,  41   38,  55
 720:    13,  21   27,  41   41,  55
 721:    13,  21    9,  37   41,  55
 722:     6,   9    9,  37   41,  55
 723:     6,   9    9,  37   41, 247
 724:     6,   9    9,  37   41,  60
 725:     6,   9   23,  56   38, 218
 726:     6,   9   36,  77   38,  45
 727:     6,   9   29,  61   38,  45
 728:     6,   9   29,  61   38,  45
 729:     6,   9   29,  61   38,  45
 730:     6,   9   29,  61   37, 224
 731:    16,  20   23,  39   41,  49
 732:    16,  20   23,  39   41, 224
 733:    16,  20   11,  44   33,  59
 734:    16,  20   11,  44   54,  61
 735:    16,  20   11,  44   38,  58
 736:    16,  20   21,  39   38,  58
 737:    16,  20   21,  39   37, 197
 738:    16,  20   21,  39   37, 197
 739:    16,  20   23,  59   37, 198
 740:    16,  20   14,  46   37, 203
 741:     2,  32   14, 220   45, 226
 742:     2,  32   14, 220   45, 226
 743:    18,  26   13,  33   45, 226
 744:    18,  26   25,  58   45, 223
 745:    18,  26   25,  58   48,  56
 746:    18,  26   19,  59   48,  56
 747:    18,  26   19,  59   48,  56
 748:    18,  26   19,  59   38, 242
 749:    18,  26    6,  37   53, 201
 750:    18,  26    9,  33   40,  47
 751:    18,  26   38, 106   40,  47
 752:    18,  26   30,  50   53, 191
 753:    18,  26   30,  50   38, 210
 754:     5,  23   30,  50   38, 212
 755:    20, 155    5, 187   38, 211
 756:    20, 157    8,  40   38,  45
 757:    28, 133    8,  40   47,  61
 758:    20,  28    8,  40   47,  61
 759:    20,  28    6,  54   47,  61
 760:    20,  28    7, 238   47,  61
 761:    20,  28    7, 242   34, 227
 762:    20,  28    7, 240   34, 225
 763:    20,  28   11,  43   34, 231
 764:    20,  28   11,  43   35,  43
 765:    18,  29    3,  35   35,  43
 766:    18,  29    5,  53   35,  43
 767:    18,  29    5,  53   41, 236
 768:     5,  22    5,  53   48,  56
 769:     5,  22    5,  53   48,  56
 770:     9,  23    5,  53   48,  56
 771:     9,  23   28,  59   48,  56
 772:     9,  23   28,  59   48,  56
 773:     9,  23   15,  39   34,  42
 774:     9,  23   15,  39   35, 231
 775:     9,  23   15,  39   35, 228
 776:     9,  23   30,  48   35, 227
 777:     9,  23   30,  48   35, 230
 778:     9,  23   11,  43   35, 234
 779:     9,  23   11,  43   35, 235
 780:     9,  23   11,  43   35,  52
 781:     9,  23   11,  43   43,  59
 782:     9,  23   14,  62   52,  63
 783:     9,  23    5,  38   52,  63
 784:    10,  69    5,  38   55,  64
 785:     1,  91    5,  38   35,  47
 786:     1,  91    5, 194   35, 219
 787:     2,  10    9,  59   55, 259
 788:    22,  30   10, 183   55,  59
 789:    22,  30   10,  34   55,  59
 790:    22,  30   11,  44   55,  59
 791:    22,  30   11,  44   38, 206
 792:    22,  30   11,  44   38, 205
 793:    17,  26   11,  44   38, 206
 794:    17,  26   29,  49   38, 207
 795:    17,  26   29,  49   44,  59
 796:    17,  26   29,  49   42, 235
 797:    17,  26   29,  49   42, 234
 798:    17,  26   27, 205   42, 235
 799:    17,  26   12,  44   42, 235
 800:    17,  26   12,  44   52, 199
 801:    17,  26   12,  44   41,  57
 802:    13,  31   12,  44   41,  57
 803:    13,  31   12,  44   37,  46
 804:    13,  31   12,  44   37,  46
 805:    13,  31   17,  57   49,  57
 806:    31, 101   13,  45   43,  57
 807:    13, 165   13,  45   43,  57
 808:    13, 169   32,  52   35, 240
 809:    13, 167   32,  52   35, 239
 810:    13, 166   32,  52   35, 236
 811:     6,   9   11,  44   35, 238
 812:     6,   9    6, 204   35,  52
 813:     6,  85    6,  42   64, 246
 814:     6,  85    2, 218   39,  54
 815:     6,  85    2, 218   39,  54
 816:    14,  31    2, 222   39,  54
 817:    14,  31    2, 220   39,  54
 818:    14,  31    2, 228   37, 254
 819:    14,  31   14,  64   37,  54
 820:    14,  31    7,  43   37,  54
 821:    15,  17    7,  43   39,  43
 822:    15,  17   13,  45   39,  43
 823:     6,  32   32,  56   39,  43
 824:     6,  32    6,  46   39,  43
 825:     6,  32    6,  46   35,  43
 826:     6,  32    6,  46   35,  43
 827:     6,  32   11,  43   35,  43
 828:     6,  32   31, 227   35,  43
 829:     3,  12   31, 219   47,  63
 830:     3,  12   31, 225   47,  63
 831:     3,  12   14,  45   47,  63
 832:     3,  12    7,  55   47,  63
 833:     3,  12    7, 207   46, 238
 834:     2,  10    7, 205   46, 235
 835:     2,  10    7, 206   46, 239
 836:     2,  10   43,  83   46,  52
 837:    22,  29   29,  47   46,  52
 838:    22,  29   29,  47   47,  62
 839:    22,  29   29,  47   47,  62
 840:     9,  27   11,  44   47,  62
 841:     9,  27   11,  44   43, 232
 842:     9,  27   30,  62   51, 211
 843:     9,  27   30,  62   43,  51
 844:     9,  27   30,  62   48,  64
 845:     9,  27   14,  46   48,  64
 846:     9,  27   14, 219   48,  64
 847:     9,  27   14, 220   48,  64
 848:    24,  31   12,  44   52,  60
 849:    24,  31   12,  44   45,  62
 850:    24,  31   12,  44   44,  58
 851:    24,  31   12,  44   44,  58
 852:    24,  31   13,  33   46,  63
 853:    24,  31   13,  46   46,  63
 854:    18,  25   46,  99   38,  45
 855:    18,  25   13, 215   38,  45
 856:    18,  25   13, 220   38,  45
 857:    18,  25   24,  38   38,  45
 858:    18,  25   29,  61   38,  45
 859:    18,  25   29,  61   48,  50
 860:    21,  29   29,  61   37,  56
 861:    21,  29   14,  46   37,  56
 862:    21,  29   14,  46   36,  47
 863:    21,  29   16,  47   46,  50
 864:    21,  29   46,  73   46,  50
 865:    21,  29    2, 221   46,  50
 866:     9,  26   30,  61   46,  50
 867:     9,  26   30,  61   33, 203
 868:     9,  26   30,  61   33, 203
 869:     9,  26   11,  43   33, 202
 870:     9,  26   11,  43   41, 178
 871:     9,  26   11,  43   39,  47
 872:    14,  18   11,  43   47,  61
 873:    14,  18    7, 222   47,  61
 874:    14,  18   19,  51   47,  61
 875:    14,  18   19,  51   47,  61
 876:    14,  18    6, 220   55,  60
 877:    14,  18   12,  43   55,  60
 878:    14,  18   12,  43   56,  63
 879:    14,  18   13,  33   37, 197
 880:    14,  18   13,  33   37, 191
 881:     8,  21   11,  39   37, 200
 882:     8,  21   11,  39   37,  41
 883:     8,  21   11,  39   37,  41
 884:     8,  21   21,  39   37,  41
 885:     8,  21   21,  39   37,  41
 886:     8,  21   23,  37   37,  41
 887:     8,  21   24,  56   55, 275
 888:     8,  21    9,  33   63, 244
 889:     8,  21    1, 196   43,  53
 890:     8,  21    1, 195   54,  58
 891:    12,  26    1, 193   54,  58
 892:    12,  26   24,  60   54,  58
 893:    12,  26   19,  63   54,  58
 894:    12,  26   19,  63   44,  60
 895:    12,  26   19,  63   38,  54
 896:    12,  26   11,  35   38,  45
 897:    12,  26   11,  35   37,  46
 898:    12,  26   14, 214   37,  46
 899:    12,  26   27,  55   37,  46
 900:    12,  26   27,  55   56,  59
 901:    12,  26   11,  44   56,  59
 902:    12,  26   11,  44   56,  59
 903:    12,  26   11,  44   56,  59
 904:    12,  26   11,  44   35,  47
 905:    12,  28   50, 149   35,  47
 906:    12,  28   12,  44   35,  47
 907:    12,  28   12,  44   35,  47
 908:     4,  32   12,  44   33,  52
 909:     4,  32   12,  44   33,  52
 910:     4,  32   14,  46   33,  52
 911:    13,  17   14,  46   33,  52
 912:    13,  17   14,  46   33,  52
 913:    13,  17   14,  46   55,  64
 914:    13,  17   27,  51   55,  64
 915:    13,  17    5, 196   55,  64
 916:    13, 115    5, 199   55,  64
 917:     6,   9   31,  63   55,  64
 918:     6,   9   31,  63   55,  64
 919:     6,   9   31,  63   51, 271
 920:     6,   9   23,  59   55,  59
 921:     6,   9   23,  59   55,  59
 922:     6,   9   23,  59   55,  59
 923:     6,   9   23,  59   55, 258
 924:     6,   9   27,  43   55, 259
 925:     3, 168   27,  43   43,  55
 926:     3, 168   27,  43   43,  55
 927:     3, 169    3, 237   43,  55
 928:     3, 167    3, 233   56, 187
 929:     3, 166    3, 231   37,  54
 930:     7,  22   10, 193   37,  54
 931:     7,  22   43, 142   37,  54
 932:     7,  22   43, 143   44,  57
 933:     7,  22   23,  63   44,  57
 934:    13,  23   23,  63   44,  57
 935:    13,  23   23,  63   44,  57
 936:    13,  23   31,  63   63, 238
 937:    13,  23   31,  63   63, 244
 938:    13,  23   31,  63   38, 219
 939:    13,  23   27,  43   43,  60
 940:    13,  23   27,  43   43,  60
 941:    13,  23   27,  43   33,  63
 942:    17,  25   27,  43   33,  63
 943:    17,  25   16,  64   33,  63
 944:    12,  26   16,  64   44,  56
 945:     4, 123   25, 206   44,  56
 946:    12,  25   25,  43   44,  56
 947:    12,  25   25,  43   46,  61
 948:    12,  25   25,  43   46,  61
 949:    12,  25    9,  33   33,  57
 950:    12,  25    9,  33   39,  44
 951:     7,  31    9,  33   39,  44
 952:     7,  31    5,  38   43,  51
 953:     7,  31    5,  38   43,  51
 954:     7,  31   19,  52   43,  51
 955:     7,  31   19,  52   43,  51
 956:     7,  31   13,  33   43,  51
 957:     7,  31   13,  33   43,  51
 958:     7,  31   13,  33   43,  51
 959:     7, 170   13,  33   36,  60
 960:     7, 170   16,  40   33,  50
 961:     7, 173    2, 232   33,  50
 962:     7, 172    2, 231   33,  50
 963:     9,  27    2, 229   56,  60
 964:     9,  27    2, 223   42,  60
 965:     9,  27   25, 226   42,  60
 966:     9,  27   16,  47   44,  56
 967:    16, 162    8,  56   44,  56
 968:    29, 112    8,  56   44,  56
 969:    16, 161   19,  63   40,  58
 970:    29, 111   19,  63   39,  55
 971:    16, 161   17, 223   38, 270
 972:     3, 151    1, 213   38, 269
 973:     3, 152    1, 215   42,  57
 974:    27,  75   45,  66   42,  57
 975:     3, 152   45,  66   42,  57
 976:     3, 150   15,  47   35, 225
 977:     3, 154   15,  47   35, 234
 978:     3, 157   14,  46   35, 234
 979:     3, 156   14,  46   36,  44
 980:     5, 142   18, 224   34, 224
 981:    25,  80   18,  49   34, 217
 982:     5, 140   18,  49   34, 219
 983:     5, 139    2,  50   39,  57
 984:     5, 143    2,  50   33,  50
 985:     5, 142    2,  50   33,  50
 986:     5, 139    2,  50   33,  50
 987:     5, 142    2,  50   38,  58
 988:     5, 144   15,  63   44,  54
 989:    12,  18   15,  63   36, 244
 990:    12,  18   20, 242   36, 242
 991:    12,  18   32,  64   36, 239
 992:    12,  18   14,  64   38,  64
 993:    12,  18   14,  64   38,  64
 994:    12,  18    4, 227   33,  63
 995:     2,   9   19, 169   45, 264
 996:     2,   9   24,  64   45,  63
 997:     1,  19   18,  50   45,  63
 998:     1,  19   18,  50   45,  63
 999:     1,  19    2, 232   35,  57
1000:     6,  85   11,  59   51,  59
1001:     1,  19   11,  59   51,  59
1002:    12, 143   20,  52   51,  59
1003:    13,  32   20,  52   51,  59
1004:    13,  32   20,  52   51,  59
1005:    13,  32   15,  63   51,  59
1006:    11,  25    8,  39   33,  50
1007:    11,  23    4, 231   33,  50
1008:    11,  23   23,  59   33,  50
1009:    11,  25   19, 229   48,  63
1010:    11,  25   19, 237   39,  57
1011:    11,  25   19, 242   39,  57
1012:    11,  25   28,  59   33, 212
1013:    11,  25   28,  59   42,  59
1014:    11,  25   28,  59   42,  59
1015:    11,  25   20, 242   42,  59
1016:    11,  25   20, 236   42,  59
1017:    11,  25   52, 131   55,  63
1018:    11,  25   52, 132   55,  63
1019:     5,  29   17, 224   55,  63
1020:     5, 106   32,  64   38,  46
1021:     5, 106   32,  64   48,  50
1022:     5, 108   32,  64   48,  50
1023:     5, 108   32,  64   35,  57
1024:    22,  81   32,  64   50,  62
1025:     3, 124   11,  59   50,  62
1026:     3, 125   11,  59   50,  62
1027:     3, 126   11,  59   50,  62
1028:     3,  19    2, 222   50,  62
1029:     3,  19   46,  74   50,  62
1030:     3,  19   49, 122   51,  64
1031:     3,  19   18, 220   51,  64
1032:     3,  19   32,  46   51,  64
1033:     3,  19   17,  50   46,  56
1034:     2,  17   17,  50   46,  56
1035:     2,  17   17, 225   42,  59
1036:     8,  26   17, 226   42,  59
1037:     8,  26   32,  63   35,  63
1038:     8,  26   32,  63   35,  63
1039:     1, 107   32,  63   38, 214
1040:     1, 105   21,  57   34,  52
1041:     1, 107   28,  56   33, 218
1042:     1, 107   28,  56   33, 219
1043:     1, 109   25, 200   33, 220
1044:     1, 108    4,  48   43,  59
1045:     1, 107    1,  34   43,  59
1046:     1, 107    1,  34   43,  59
1047:     1, 106    1, 182   43, 258
1048:     1, 106   17,  57   36,  60
1049:     1, 105    5,  55   36,  60
1050:     1, 107    5,  55   36,  60
1051:     1, 108   19,  63   33, 242
1052:     1, 108   13, 206   42,  57
1053:    23,  28    8,  48   42,  57
1054:     2,  26    8,  48   42,  57
1055:     1,   9    1,  33   33,  41
1056:    15,  29   22,  62   51,  63
1057:    15,  29   21,  53   35,  57
1058:    15,  29   24,  55   35,  57
1059:    15,  29   24,  55   35,  57
1060:     5,   9   31,  47   42,  54
1061:     5,   9   12,  58   42,  54
1062:     6,  84   13,  33   42,  54
1063:     6,  84   13,  33   42,  54
1064:     6,  84   13,  33   36,  44
1065:     6,  84   13,  33   36,  44
1066:     6,  84   21,  57   36,  44
1067:     6,   9   31,  64   40,  53
1068:     6,   9   10,  58   40,  53
1069:     6,   9   10,  58   40,  53
1070:     6,   9   26,  44   40,  53
1071:     6,   9   26,  44   40,  53
1072:    20,  27   19,  51   34,  52
1073:     3,  12   19,  51   34, 235
1074:     2,  14   19,  51   52, 179
1075:     2,  14   19,  51   34, 231
1076:     2,  14   11,  44   52,  64
1077:     2, 105   28,  60   52,  64
1078:    14,  73   28,  60   52,  64
1079:     2, 107   29,  62   38,  42
1080:    14,  74   29,  62   38,  42
1081:     2, 105   29,  62   38,  42
1082:     2, 104   29,  62   38,  54
1083:     2, 105   18,  62   38,  54
1084:     2,  28   26,  42   38,  54
1085:     2,  28   26,  42   50,  62
1086:     2,  28   19,  52   50,  62
1087:    14,  20   19,  52   50,  62
1088:    14,  20   11,  35   47,  64
1089:    14,  20   11,  35   47,  64
1090:    14,  20   11,  35   47,  64
1091:    14,  20    2,  42   45, 234
1092:    14,  20    2,  42   40,  62
1093:    14,  20   55,  80   40,  62
1094:    14,  20    9,  57   40,  62
1095:    14,  20   20,  52   40,  62
1096:    14,  20   20,  52   50,  57
1097:     1,   9   20,  52   38,  56
1098:     1,   9   19, 230   38,  56
1099:     1,   9   19, 230   38,  56
1100:     1,   9    6,  42   38,  56
1101:     1,   9   12,  40   35, 227
1102:     1,   9   11,  39   33,  45
1103:     1,   9   11,  39   33,  45
1104:     1,   9   23,  56   33,  45
1105:    22,  25   23,  56   52,  59
1106:    22,  25   28,  59   52,  59
1107:    22,  25   22,  58   48,  64
1108:    22,  25   22,  58   48,  64
1109:    22,  25   22,  58   38,  58
1110:    22,  25   22,  38   38,  58
1111:    22,  25   20,  51   38,  58
1112:    22,  25   27,  59   36,  49
1113:    22,  25   27,  59   36,  49
1114:    22,  25   27,  59   37,  46
1115:    22,  25    4,  48   39,  53
1116:    22,  25    3,  49   39,  53
1117:    22,  25    3,  49   39,  53
1118:    22,  25   14,  64   39,  53
1119:    12,  25   14,  64   39,  53
1120:    12,  25   14,  64   39,  53
1121:    12,  25   30,  62   40,  58
1122:    12,  25   30,  62   40,  58
1123:    12,  25   30,  62   40,  58
1124:    12,  25   26,  44   40,  58
1125:    16,  18   22,  53   46,  52
1126:    16,  18   22,  53   46,  52
1127:    16,  18    5, 191   46,  52
1128:    16,  18    5, 198   46,  52
1129:    16,  18   22,  38   33,  46
1130:    16,  18   22,  38   33,  46
1131:    16,  18   22,  38   47,  64
1132:    16,  18   22,  38   47,  64
1133:    16,  18    4, 187   47,  64
1134:    16,  18   21,  53   37,  63
1135:    16,  18   21,  53   37,  63
1136:     5,  14   20,  34   37,  63
1137:     5, 107   41,  66   33, 199
1138:     5, 106   41,  66   41,  59
1139:    15,  30   19,  52   41,  59
1140:     2, 120   19,  52   41,  59
1141:     2, 121   26,  42   41,  59
1142:     2, 123   28,  52   41,  59
1143:     2, 119   28,  52   55,  59
1144:    19,  86   28,  52   55,  59
1145:     4,  11   10,  58   34,  49
1146:     4,  11    4,  44   34,  49
1147:     4,  11    4,  44   55,  59
1148:     4,  11    4,  44   55,  59
1149:     4,  11   19,  33   38, 201
1150:     4,  11   19,  33   37,  57
1151:     4,  11   19,  33   37,  57
1152:    13,  32   46,  98   37,  57
1153:    13,  32   17,  49   37,  57
1154:    13,  32   17,  49   37,  57
1155:    13,  32   17,  49   52,  64
1156:    13,  32   32,  52   52,  64
1157:    13,  32   15,  48   52,  64
1158:    15,  32   15,  48   44,  50
1159:    15,  32   15,  48   44,  50
1160:    15,  32   27,  55   44,  50
1161:    15,  32   27,  55   44,  50
1162:    23,  27   27,  55   44,  50
1163:     8,  32   30,  48   52,  59
1164:     8,  32   30,  48   52,  59
1165:    12,  18   31, 236   52,  59
1166:    12,  18   31,  55   52,  59
1167:     8,  32   31,  55   52,  59
1168:     8,  32   28,  42   52,  59
1169:     8,  32   32,  56   48,  64
1170:     8,  32   32,  56   48,  64
1171:     8,  32    7,  47   48,  64
1172:     3, 124    7,  47   48,  64
1173:     3, 122   20,  51   48,  64
1174:     3, 122   20,  51   38,  42
1175:     3, 121   29,  45   55,  59
1176:     3, 121   29,  45   55,  59
1177:    11,  26   29,  45   55,  59
1178:    11,  26   29,  45   55,  59
1179:    13,  29    6, 187   55,  59
1180:    13,  29   18, 187   55,  59
1181:    12,  24   30,  46   56,  60
1182:    12,  24   30,  46   56,  60
1183:    12,  24   12,  60   44,  60
1184:    12,  24   12,  60   44,  60
1185:    12,  24   32, 217   52,  64
1186:    12,  24   32, 210   52,  64
1187:    12,  24   19,  59   46, 229
1188:    12,  24   19,  59   35,  59
1189:    12,  24   19,  59   41,  51
1190:    12,  24    6, 196   41, 225
1191:    12,  24   30,  46   41,  60
1192:    12,  24   30,  46   41,  60
1193:    12,  24   30,  46   41,  60
1194:    12,  24   30,  46   38,  58
1195:    12,  24   30,  46   38,  58
1196:     2,  18   32,  56   38,  58
1197:     2,  18   32,  56   39,  59
1198:     2,  18   32,  46   39,  59
1199:     6,  10   32,  46   39,  59
1200:     6,  10   32,  46   39,  59
1201:     6,  10   12,  60   39,  59
1202:     2,  26   14, 197   39,  59
1203:     2,  26   14, 195   54,  62
1204:     2,  26    6,  42   54,  62
1205:     2,  26    6,  42   54,  62
1206:     2,  26    3, 228   46,  54
1207:     2,  26    3, 224   46,  54
1208:     2,  26    3, 227   46,  54
1209:     2,  26   32,  48   46,  54
1210:     2,  26   32,  48   46,  54
1211:    16,  32   32,  48   55,  63
1212:    16,  32    9,  59   55,  63
1213:    16,  32   24,  64   55,  63
1214:    16,  32   24,  64   47, 241
1215:    16,  32   24,  64   47, 246
1216:    16,  32   24,  64   54,  57
1217:    16,  32   30,  48   54,  57
1218:    16,  32   12,  43   54,  57
1219:     2,  28   12,  43   54,  57
1220:     2,  28   12,  43   39,  54
1221:     2,  28   11,  59   39,  54
1222:     2,  28   11,  59   39,  54
1223:     2,  28   29,  45   39,  57
1224:     2,  28   29,  45   39,  57
1225:     2,  28   29,  45   45,  61
1226:     2,  28    4,  35   41, 239
1227:     2,  28   14,  38   41, 239
1228:     2,  28   14,  38   41,  53
1229:     8,  24   14,  38   54,  62
1230:     8,  24    1, 208   54,  62
1231:     8,  24    9,  59   54,  62
1232:    11,  21   18,  36   34,  46
1233:    11,  21   22,  54   34, 213
1234:    11,  21   14,  46   34, 212
1235:    11,  21   14,  46   45,  55
1236:    11,  21   14,  46   45,  55
1237:    11,  21   10, 199   45,  55
1238:    11,  21   10, 198   38,  41
1239:    11,  21    5,  45   38,  41
1240:    11,  21    5, 211   38,  41
1241:    10, 141    5,  55   38,  41
1242:    16,  31    5,  55   39,  44
1243:    16,  31   19,  59   39,  44
1244:    23,  32   19,  59   39,  44
1245:    23,  32   19,  59   59, 243
1246:    23,  32   22,  54   52, 262
1247:     6,  84    9,  42   46,  61
1248:     6,  84    9,  42   46,  61
1249:     6,  84    5,  37   46,  61
1250:     6,  84    5,  37   52,  63
1251:     6,  83   21,  61   38,  46
1252:     6,  84   19,  35   38,  46
1253:     6,  84   10, 194   38, 237
1254:     4,  20   19,  35   38, 236
1255:     4,  20   17,  61   38, 234
1256:     4, 127   31, 233   38,  46
1257:     4, 129   31, 239   38,  46
1258:     8,  30    6, 199   38,  46
1259:     8,  30    6, 196   38, 210
1260:     8,  30   14,  45   45,  64
1261:     1,  10    9,  33   56,  59
1262:     1,  10    7,  39   56,  59
1263:     1,  10    7,  39   61, 242
1264:     1,  10    7,  39   44,  57
1265:     1,  10   13, 215   44,  57
1266:     1,  10   45, 101   42, 227
1267:     1,  10   13, 210   42, 225
1268:     5,  21   43,  75   42, 229
1269:     5,  21   32,  56   50, 205
1270:     5,  21   32,  56   42, 228
1271:     7,  21   14, 214   50, 204
1272:     7,  21   14, 213   38,  41
1273:     7,  21   14,  45   38,  41
1274:     7,  21   21,  53   38,  41
1275:     7,  21   21,  53   48,  62
1276:     7,  21   30,  48   48,  62
1277:     7,  21   30,  48   48,  62
1278:     7,  21   30,  48   48,  62
1279:    19,  32   22,  53   48,  62
1280:    19,  32   21,  37   45,  61
1281:    19,  32   21,  37   39,  43
1282:    19,  32   21,  37   39,  43
1283:    19,  32   32,  63   39,  43
1284:    19,  32   32,  63   44,  50
1285:    19,  32    4, 221   44,  50
1286:    19,  32    6, 193   42,  60
1287:    19,  32   38,  82   42,  60
1288:    19,  32    6, 192   42,  60
1289:     3,  31    1,  34   47,  64
1290:     3,  31    1, 183   47,  64
1291:     3,  31    1, 180   47,  64
1292:     3,  31   10, 192   47,  64
1293:    12,  18   26,  54   47,  64
1294:    12,  18   26,  54   45, 271
1295:    12,  18   26,  54   63, 208
1296:    25, 117    7,  53   50,  62
1297:    18, 145    7,  53   50,  62
1298:    18, 146   20, 239   42,  57
1299:     6,   9   20, 235   42,  57
1300:     6,   9   20, 233   42,  57
1301:     6,   9   26,  42   42,  57
1302:     6,   9    5, 197   38,  45
1303:     6,   9    5, 197   38,  45
1304:     6,   9   24,  40   38,  45
1305:     1, 158   31,  64   53, 193
1306:     1, 159   31,  64   38, 242
1307:    10, 149   31,  64   53, 199
1308:    10, 147   31,  64   38, 244
1309:    10, 146   10,  41   53, 194
1310:    10, 148   10,  58   38, 242
1311:    10,  25   10,  58   38,  53
1312:    10,  25   10,  58   38,  53
1313:    10,  25   10,  58   38,  53
1314:    10,  25   14, 181   38,  53
1315:    25,  89   14, 182   38,  53
1316:    10, 145    2, 173   38,  53
1317:    10, 144    2,  33   38,  53
1318:    10, 144    4,  48   38,  53
1319:    25,  89   30,  50   38,  53
1320:    10,  25   30,  50   38,  62
1321:    10,  25    1, 172   38,  62
1322:    10,  25    1, 174   38,  62
1323:     1, 116    1, 174   38,  62
1324:     2,  20   12,  36   38,  62
1325:     6, 107   41,  79   38,  62
1326:     6, 108    5, 197   37,  41
1327:     6, 107    5, 198   37,  41
1328:     6, 106    6,  38   40,  54
1329:     6, 106   26,  50   40,  54
1330:     6, 105   22,  54   42,  56
1331:     6, 105   18,  62   42,  56
1332:     6,  14   18,  62   42,  56
1333:     6,  14   18,  62   42,  56
1334:     6,  14   27,  43   42,  56
1335:     1, 165   22,  58   46,  52
1336:     1, 162   22,  58   46,  52
1337:     1, 165   22,  58   46,  52
1338:     1, 163   22,  58   46,  52
1339:     1, 168    9,  59   46,  52
1340:     1, 169    1, 184   46,  52
1341:    15,  19   26,  44   49,  58
1342:    15,  19   26,  44   49,  58
1343:    15,  19   26,  44   49,  58
1344:    10, 130   18,  58   49,  58
1345:    10, 128   18,  58   49,  58
1346:    10, 127   18,  58   40, 199
1347:     1,  92    2,  34   40, 200
1348:     1,  10    2, 178   41, 239
1349:     1,  10   21,  37   44,  52
1350:     1,  10   21,  37   51,  60
1351:     1,  10   21,  37   51,  60
1352:     1,  10    9,  42   51,  60
1353:     1,  10   13,  46   51,  60
1354:     1,  10   11,  44   38,  58
1355:     1,  10   13,  61   38,  58
1356:     7,  27   13,  61   38,  58
1357:     7,  27   13,  61   33, 237
1358:     7,  27    1,  41   33, 238
1359:     7,  27    1,  41   33,  52
1360:     7,  27    6, 204   62, 230
1361:     7,  27    6, 205   51,  63
1362:     7,  27   18,  58   51,  63
1363:     7,  27   25, 219   51,  63
1364:     7,  27   25,  49   51,  63
1365:     7,  27    2,  46   51,  63
1366:     7,  27    2,  46   51,  63
1367:     6,  26    1, 171   62, 223
1368:     6,  26    1, 176   62, 227
1369:     6,  26    1, 176   35,  50
1370:     6,  26   17,  35   35,  57
1371:     1,  13   17,  35   35,  57
1372:     1,  13    3, 225   35,  57
1373:     1,  13   11,  39   52,  59
1374:     1,  13    1, 212   43,  57
1375:     1,  13   45,  71   43,  57
1376:     1,  99   18,  50   43,  57
1377:     1,  99   17,  61   50,  58
1378:    12,  28   17,  61   45, 281
1379:    12,  28   12,  44   45, 266
1380:    12,  28   12,  44   64, 199
1381:    12,  28   16,  48   64, 206
1382:    12,  28    1,  49   35,  47
1383:     8,  16    1,  49   39,  48
1384:     8,  16   17,  50   39,  48
1385:     8,  16   29,  47   41, 237
1386:     9,  27   29,  47   41,  53
1387:     9,  27    7,  43   43,  55
1388:     9,  27    7,  43   43,  55
1389:     9,  27    7,  43   43,  55
1390:     9,  27   18,  62   43,  55
1391:     9,  27   18,  62   43,  55
1392:     9,  27   11,  39   43,  55
1393:     9,  27   16,  47   47,  64
1394:     9,  27   24,  60   47,  64
1395:     9,  27   31,  47   47,  64
1396:     9,  27   31,  47   47,  64
1397:    12,  25   31,  47   47,  64
1398:    12,  25   31,  47   55,  64
1399:    12,  25   30,  54   55, 269
1400:    12,  25   20,  60   52,  60
1401:    12,  25   20,  60   40,  56
1402:    12,  25   20,  60   40,  56
1403:    12,  25   14,  64   40,  56
1404:    12,  25   29,  53   47,  61
1405:    12,  25   29, 220   47,  61
1406:    12,  25   29, 216   47,  61
1407:    12,  25   47, 149   47,  61
1408:    12,  25   32,  48   47,  61
1409:    12,  25   24,  60   47,  61
1410:     5,  29   20, 273   34,  49
1411:     5,  29   20, 273   52,  59
1412:     1,   9    1,  33   33,  41
1413:    13,  31   17, 181   38,  45
1414:    13,  31   23,  59   38, 213
1415:    13,  31   14, 197   40,  58
1416:    13,  31   14, 197   40,  58
1417:    13,  31   29, 241   40,  58
1418:    13,  31   29, 240   45,  53
1419:    13,  31    9,  37   45,  53
1420:    13,  31   45, 100   45,  53
1421:    13,  31   45, 100   45,  53
1422:    13, 167   13,  45   45,  53
1423:    13, 166   13,  45   33,  46
1424:    13, 165   27,  41   33,  46
1425:    19,  32   27,  41   33,  46
1426:    19,  32   27,  41   53,  57
1427:    14,  73   25, 230   53,  57
1428:     2, 105   25, 238   53,  57
1429:    14,  74   53, 139   53,  57
1430:    14,  74   25, 234   53,  57
1431:    22,  26    8,  40   35,  47
1432:    22,  26    1,  33   35,  47
1433:    11,  27    7, 240   45,  51
1434:    11,  27   19,  52   45, 231
1435:    11,  27   19,  52   45, 231
1436:    11,  27   19,  52   45, 230
1437:     1,  27   10,  60   33,  50
1438:     1,  27   16,  47   33,  50
1439:     1,  27   16,  47   33,  50
1440:     1,  27   16,  47   33,  50
1441:     1,  27   20,  52   40,  58
1442:     1,  27   20,  52   40,  58
1443:     1,  27   25,  58   54,  57
1444:    27,  66   25,  58   54,  57
1445:    27,  66    1,  33   54,  57
1446:    13,  30    1,  33   37, 195
1447:    13,  30   29, 206   37, 196
1448:    13,  30   45, 156   36,  50
1449:    13,  30   45, 156   36,  50
1450:    13,  30   25,  53   46,  62
1451:    13,  30   25,  53   58, 225
1452:    13,  30   25,  53   50,  58
1453:    13,  30   11,  57   42,  58
1454:    13,  30   11,  57   42,  58
1455:    13,  30    8,  54   42,  58
1456:    13,  30    8,  54   42,  58
1457:    13,  30    8,  54   42,  58
1458:    13,  30   25,  57   41,  55
1459:    16,  22   34,  70   41,  55
1460:    16,  22    1, 183   41,  55
1461:     9, 146    1, 186   33, 233
1462:    25,  84    1,  34   33, 233
1463:     9, 144    1,  34   46,  64
1464:     9, 144   32,  64   44,  59
1465:     9, 145    4,  52   44,  59
1466:     3, 164    4,  52   44,  59
1467:     3, 163   30,  62   43,  58
1468:     3,  29   30,  62   35, 237
1469:     3,  29    2,  34   35, 238
1470:     3,  29   26,  57   45, 221
1471:     2,  14   26,  57   50,  57
1472:     2,  14   26,  57   52,  63
1473:     2,  14   20, 237   52,  63
1474:    13,  31   17,  61   52,  63
1475:    13,  31   17,  61   45, 269
1476:    13, 166    5, 211   62, 211
1477:    13, 162   45,  79   35, 215
1478:    13,  23   45,  79   35, 206
1479:    13,  23    5, 207   49, 178
1480:    13,  23   21,  61   35, 218
1481:    13,  23   21,  61   36, 276
1482:    13,  23   21,  61   36, 270
1483:    13,  23   33,  74   36,  64
1484:    13,  23    2, 172   44,  52
1485:     5,  22    2,  33   44,  52
1486:     2,  84    2,  33   45,  51
1487:     2,  84   21,  37   45, 228
1488:     2,  84   27,  60   45, 229
1489:    12,  25    5,  41   45, 230
1490:    12,  25    5,  41   45, 231
1491:    12,  25   14,  64   33,  61
1492:    12,  25   14,  64   33,  49
1493:    12,  25   14,  64   33,  49
1494:     7,  16   14,  64   38,  64
1495:     7,  16   21,  57   38,  64
1496:     7,  16   21,  57   38,  64
1497:     7,  16   21,  57   34, 194
1498:     7,  16    1, 190   34, 193
1499:     7,  16    1, 193   34, 196
1500:    19, 152    1, 193   41,  51
1501:    19, 153   20, 184   41,  51
1502:    19, 155   20, 185   41,  51
1503:    19,  28   15,  61   39,  61
1504:    19,  28   17,  57   36,  64
1505:    19,  28   17,  57   39,  61
1506:    19,  28   17,  57   36,  48
1507:    19,  28   18,  50   42,  54
1508:    19,  28   18,  50   42,  54
1509:    19,  28   21,  57   42,  54
1510:    10, 123   21,  57   35,  44
1511:    10, 121   13,  61   45, 234
1512:    10, 122   13,  61   45, 235
1513:    10,  18    1, 207   45, 230
1514:    10,  18    1, 207   33,  49
1515:    10,  18   45,  71   33,  49
1516:    18,  25    6,  38   33,  49
1517:    18,  25    6,  38   33,  49
1518:    18,  25    3, 232   33,  49
1519:    18,  25    3, 235   39,  63
1520:    18,  25    3, 232   37, 210
1521:    18,  25   30,  48   36,  44
1522:    18,  25   30,  48   36,  44
1523:    18,  25   30,  48   36,  44
1524:    18,  25   11,  39   38,  45
1525:    25, 119   11,  39   53,  57
1526:     8,  32   11,  39   53,  57
1527:     8,  32   11,  39   33,  63
1528:     8,  32   32,  52   33,  63
1529:     8,  32   26,  42   33,  63
1530:     8,  32   10,  38   33,  63
1531:     8,  32   10, 192   63, 173
1532:     8,  23   12,  43   33, 273
1533:     8,  23   12,  43   35, 223
1534:     7,  12   15,  39   35,  49
1535:     7,  12   15,  39   35,  49
1536:     6,  26   15,  39   43, 228
1537:     6,  26   20,  34   39,  63
1538:     6,  26   20,  34   39,  63
1539:     6,  26   14,  38   39,  63
1540:     6,  26   14,  38   39,  63
1541:     6,  26   14,  38   39,  63
1542:     6,  26    1, 228   52,  60
1543:    18,  30    1, 223   34, 223
1544:    18,  30    7, 203   34,  49
1545:    18,  30   12,  44   34,  49
1546:     5,   9   12,  44   44,  58
1547:     5,   9   15,  35   36,  64
1548:     5,   9   50,  72   36,  64
1549:     5,   9    2, 220   36,  64
1550:     5,   9   10,  38   36,  64
1551:     5,   9   10,  38   38,  42
1552:     5,   9   10,  38   38,  42
1553:     5,   9   10,  38   38,  42
1554:     5,   9   52, 167   47,  49
1555:     5,  85   11,  44   41, 228
1556:    14,  31   11,  44   51, 196
1557:    22,  29    5, 237   41, 227
1558:    22,  29    5, 243   51, 204
1559:    22,  29   15,  39   36,  50
1560:    22,  29   51,  70   36,  50
1561:    22,  29    1, 238   36,  50
1562:    22,  29   29,  53   36,  50
1563:    22,  29   29,  53   36,  50
1564:    23,  27   29,  53   40,  53
1565:    23,  27    7, 240   40,  53
1566:    29,  83   53,  83   40,  53
1567:    29,  83   53,  83   40,  53
1568:     7,  21   53,  83   35,  63
1569:     7,  21    3,  51   35,  63
1570:     7,  21    3,  51   35,  63
1571:     7,  21    3,  51   49,  58
1572:     7,  21   20, 189   49,  58
1573:     7,  21   17, 186   49,  58
1574:     7,  21   17, 184   49,  58
1575:     7,  21   17, 186   49,  58
1576:     7,  21   14,  46   37,  59
1577:     7,  21   14,  46   56,  60
1578:     2,  14   16,  62   56,  60
1579:     2,  14    5,  38   44,  56
1580:    14,  18    5,  38   53,  61
1581:    14,  18    5,  38   53,  61
1582:    14,  18   10, 204   53,  61
1583:    14,  18   32,  48   53,  61
1584:    14,  18   30,  54   53,  61
1585:    14,  18   30,  54   45, 285
1586:    14,  18   31,  47   38,  42
1587:    14,  18   31,  47   38,  42
1588:     6,  85   31,  47   38,  42
1589:     9,  82   15,  61   42,  59
1590:     9,  82   15,  61   42,  59
1591:     6,  85   15,  61   41,  55
1592:     1, 123    5,  41   41,  55
1593:     1, 125    5,  41   41,  55
1594:    30,  82   32,  64   56,  64
1595:     6,  30   32,  64   54,  57
1596:     6,  30   32,  64   34, 216
1597:     6,  30   32,  64   54,  57
1598:     6,  30    7, 251   54,  57
1599:     6,  30   12,  58   54,  57
1600:     6,  30   12,  58   35,  47
1601:     6,  30    5, 192   33,  41
1602:     6,  30    5, 193   41,  59
1603:     6,  30    5,  38   41,  59
1604:    23,  98    9,  41   35,  50
1605:    23,  99    9, 199   35, 230
1606:    13, 134    4,  35   42,  58
1607:    13, 134    4, 179   42,  58
1608:    13,  23   35,  78   42,  58
1609:    13,  23   26,  50   58, 189
1610:    19,  32   11,  35   40, 219
1611:     7,  15   11,  35   53, 182
1612:     7,  15   24,  56   40, 232
1613:     7,  15    1,  34   40, 227
1614:     7,  15    1,  34   53, 189
1615:     7,  15    1,  34   40,  47
1616:    15,  19    1,  34   40,  47
1617:    18,  30    3,  35   40,  47
1618:    18,  30    8,  54   40,  47
1619:    18,  30    8,  54   40,  47
1620:    18,  30   15,  35   40,  47
1621:    18,  30    2, 181   35,  61
1622:    18,  30    2, 180   35,  61
1623:    18,  30    2, 180   35,  61
1624:    18,  30    6,  54   35,  61
1625:    12,  27    6,  54   35,  61
1626:    12,  27    1, 177   42,  54
1627:    12,  27    8,  40   42,  54
1628:    12,  27    8,  40   42,  54
1629:    12,  27    8,  40   42,  54
1630:    12,  27   13,  61   42,  54
1631:    12,  27   13,  61   42,  54
1632:    12,  27   14,  62   34, 223
1633:     1,  10   13, 169   34, 220
1634:     1,  10   13, 170   34, 220
1635:     1,  10   13, 170   40,  53
1636:     1,  10    7,  40   40,  53
1637:     1,  10    7,  40   40,  53
1638:     6,  32    7,  40   40,  53
1639:     6,  32    7,  40   48,  54
1640:     6,  32    9, 197   48,  54
1641:     6,  32    9, 202   48,  54
1642:     6,  32    9, 202   48,  62
1643:     6,  32    9, 173   36,  43
1644:     6,  32   26,  54   44, 231
1645:     6,  32   26,  54   44, 234
1646:     6,  32   10, 208   44, 233
1647:     6,  32   10, 208   44, 232
1648:    13,  31   10,  42   55,  59
1649:    13,  31   13,  63   45,  64
1650:    13,  31   13,  63   45,  64
1651:    13,  31   13,  63   41,  59
1652:    13,  31    9,  42   41,  59
1653:    13,  31    9,  42   41,  59
1654:    13,  31    9,  42   41,  59
1655:    13,  31    8,  56   41,  59
1656:    10,  28   19,  59   41,  59
1657:    10,  28   19,  59   47, 239
1658:     5, 142   19,  59   34,  58
1659:     5, 144    9,  37   34,  58
1660:     5, 145    9,  37   34,  58
1661:     5, 147    9,  37   39,  63
1662:     5, 147    8,  44   39,  63
1663:     5, 147    8,  44   39,  63
1664:     5, 147    8,  44   33,  61
1665:     5, 144   14, 177   33,  61
1666:     9,  80   14, 178   34,  51
1667:     5,  87   14, 182   34,  51
1668:     2,  32   13,  45   38,  64
1669:     2,  32   27, 245   38,  64
1670:     2,  32   27, 242   36,  44
1671:     5,  10   27, 247   36,  44
1672:     5,  10   19,  63   36,  44
1673:     3,  16   19,  63   33,  63
1674:     3,  16   19,  63   34,  41
1675:     3,  16   26,  57   34,  41
1676:     3,  16   26,  57   46,  54
1677:     3,  16   34, 119   46,  54
1678:     2,  20   18, 180   33,  42
1679:     2, 130   18, 178   33, 200
1680:     2, 130   15,  35   46,  50
1681:    13,  21   15,  35   46, 224
1682:    26,  72   25,  57   49,  62
1683:     2, 150   28,  56   49,  62
1684:     2, 150   28,  56   49,  62
1685:    26,  72   28,  56   36,  48
1686:     2, 149   28,  56   36,  48
1687:     2, 146   26,  50   36,  48
1688:    17, 142    3,  35   36,  48
1689:    25, 113   17, 220   50,  58
1690:    17, 142   17, 221   50,  57
1691:    17, 145   17, 224   33, 214
1692:    17, 144   32,  56   33, 212
1693:    17, 142   32,  56   33, 205
1694:    17, 142   19,  33   33, 207
1695:    17, 144   24,  56   33,  45
1696:    25, 114   57,  84   33,  45
1697:    17, 143   13,  63   33,  45
1698:    14,  24   13,  63   47, 223
1699:    14,  24   13,  63   49, 222
1700:    14,  24    1, 182   49, 221
1701:    14,  24    1, 179   49,  62
1702:    14,  24    1, 176   43,  57
1703:    14,  24   18,  58   43,  57
1704:    14,  24   18,  58   43,  57
1705:    14,  24   18,  58   40,  64
1706:    14,  24   27, 234   44,  50
1707:    14,  24   27, 235   40,  64
1708:    14,  24   27, 233   40,  64
1709:    14,  24    4, 230   40,  64
1710:    14,  24    4, 229   40,  64
1711:     1,  14   22, 191   40,  64
1712:    21,  26   13,  63   40,  64
1713:    21,  26   12,  43   40,  47
1714:     8,  26   12,  43   40,  47
1715:     8,  26   12,  43   40,  47
1716:     8,  26    2,  50   40,  47
1717:     8,  26    2,  50   47, 190
1718:     8,  26    2,  50   35,  49
1719:     8,  26    2,  50   35,  49
1720:     8,  26   27,  43   35,  49
1721:     6,  23   27,  43   35,  49
1722:     6,  23   27,  55   35,  49
1723:     6,  23   27,  55   35,  49
1724:     6,  23   16,  62   35,  49
1725:     6,  23   16,  62   35,  49
1726:     6,  23    2,  46   35,  49
1727:     5,  27    2,  46   49,  57
1728:     5,  27   17, 217   49,  57
1729:     5,  27   11,  43   44,  59
1730:     8,  24    9,  37   44,  59
1731:     5,  27    9,  37   44,  59
1732:     5,  27    9,  37   44,  59
1733:    10,  18    5,  41   44,  59
1734:    10,  18    5,  41   44,  59
1735:    10,  18    8,  48   44,  59
1736:    10,  18    2,  50   34, 228
1737:    10,  18   26,  50   34, 225
1738:    10,  18   26,  50   34, 221
1739:     8,  15   26,  50   34, 223
1740:     8,  15   17,  50   49, 180
1741:     7,  24   17,  50   43, 233
1742:     1,  19   17,  50   43, 235
1743:     6,  22    4, 236   35, 230
1744:     6,  22    2,  33   33,  59
1745:    14,  18    2,  33   33,  59
1746:    14,  18    2,  33   50,  62
1747:    14,  18   18, 178   50,  62
1748:    14,  18   18, 178   50,  62
1749:    14,  18   18, 183   50,  62
1750:    14,  18   20,  60   50,  62
1751:    14,  18   20,  60   50,  62
1752:    14,  18   29,  45   35,  44
1753:    14,  18   49,  77   38,  64
1754:    14,  18    3, 223   38,  64
1755:    14,  18    3,  49   53,  62
1756:    14,  18   22,  62   53,  62
1757:    14,  18   22,  62   53,  62
1758:    14, 122   30,  61   53,  62
1759:    18, 105   15,  35   53,  62
1760:    15,  30   31,  45   53,  62
1761:    15,  30    1, 214   36, 220
1762:    15,  30    1,  49   36, 219
1763:    15,  30    1,  49   39,  47
1764:    21,  29   22,  40   39,  47
1765:     5,  25   18,  62   39,  47
1766:     5,  25   18,  62   37, 194
1767:    18,  30   30,  50   37, 191
1768:    18,  30   13,  63   35,  43
1769:    18,  30   19,  33   35,  43
1770:    18,  30   19,  33   35,  43
1771:    18,  30    1, 176   40,  56
1772:    18,  30    1,  34   40,  56
1773:    18,  30   17, 234   50,  57
1774:    18,  30   57, 111   50,  57
1775:    18,  30   12,  58   50,  57
1776:    18,  30   12,  58   50,  57
1777:    18, 161   12,  58   40,  47
1778:    16,  24    1,  51   35,  63
1779:    16,  24    1,  51   35,  63
1780:    16,  24   24,  64   35,  63
1781:    16,  24   12,  40   35,  63
1782:     6,  21   21,  54   35,  63
1783:     6,  21   21,  54   35,  63
1784:     6,  21   21,  54   35,  63
1785:     6,  21    1, 185   36,  51
1786:     6,  21    3, 232   36,  51
1787:     6,  21   51,  77   36,  51
1788:     6,  21    3, 239   36,  51
1789:     6,  30   28,  60   36, 235
1790:     6,  30   32,  52   50,  62
1791:     6,  30   32,  52   50,  62
1792:     1,   9    1,  33   33,  41
1793:     8,  12    7, 239   40,  48
1794:     8,  12    7, 244   40,  48
1795:     8,  12    7, 243   40,  48
1796:     8,  12    7, 243   40,  48
1797:     3,  25   11,  57   35,  61
1798:     3, 147   12,  44   35,  61
1799:     3, 147   12,  44   35,  61
1800:     3, 147   12,  44   35,  61
1801:     3, 149    2,  46   35,  61
1802:     3, 147    7, 205   37,  53
1803:     3, 146    7, 204   34, 236
1804:     3, 147   43,  83   33,  57
1805:     1, 129    7, 206   35,  51
1806:    24,  31   32,  52   35,  51
1807:    24,  31   26,  44   35,  51
1808:    24,  31   29,  49   35,  51
1809:    24,  31   29,  49   44,  54
1810:    24,  31   21,  61   44,  54
1811:    24,  31   21,  61   43, 228
1812:    16,  31   23,  37   43,  51
1813:    16,  31   11,  39   43,  51
1814:    16,  31   11,  39   37,  56
1815:    16,  31    2,  46   37,  56
1816:    23,  28    2,  46   37,  56
1817:    23,  28   15,  35   47,  53
1818:    23,  28   15,  35   47,  53
1819:    23,  28   15,  35   47,  53
1820:    23,  28   51,  70   43,  57
1821:    24,  28   51,  70   43,  57
1822:    24,  28    1, 223   43,  57
1823:    24,  28   21,  54   36,  64
1824:    24,  28   14,  45   36,  64
1825:    24,  28   16,  48   36,  64
1826:    24,  28    6, 192   46, 192
1827:    24,  28   28,  59   38, 211
1828:     4,  20   18,  62   37,  45
1829:     4,  20   18,  62   37,  45
1830:     4,  20   18,  62   37,  45
1831:     4,  20    7, 199   47, 223
1832:     4,  20    7, 200   47, 224
1833:     4,  20   47, 165   52,  63
1834:     4,  20   31, 215   47, 237
1835:     4,  20    5,  38   47, 246
1836:     4,  20   28,  42   53,  62
1837:     4,  20   28,  42   49,  61
1838:    14,  29   28,  42   37, 218
1839:    14,  29   49, 160   37, 218
1840:    14,  29   29, 225   37, 218
1841:    14,  29   14, 214   43,  57
1842:     3, 154    9, 189   43,  57
1843:     3, 154    9, 190   37, 244
1844:     3, 153    9,  37   37,  54
1845:    27,  75   23,  55   40,  48
1846:    27,  75   23,  55   39,  55
1847:     3, 148   18,  49   39,  55
1848:     3,  27    3, 228   34, 212
1849:     3,  27    3, 230   49,  57
1850:     3,  27   22,  54   49,  57
1851:     3,  27   22,  54   49,  57
1852:     3,  27   22,  58   49,  57
1853:     3,  27   24,  55   49,  57
1854:     4,  17   24,  55   49,  57
1855:     4,  17   24,  55   40,  43
1856:     4,  17    3,  35   40,  43
1857:     4,  17    3,  35   34, 228
1858:     4,  17   11,  43   34, 227
1859:     4,  17   11,  43   51, 184
1860:     4,  17   23,  63   34, 198
1861:     4,  17   23,  63   35,  52
1862:     4,  17   23,  63   35, 231
1863:     4,  17    3, 220   55,  59
1864:     4,  17    3, 218   55,  59
1865:    10,  27    3, 218   55,  59
1866:    10,  27   22,  62   55,  59
1867:     1, 125   19,  63   55,  59
1868:     1, 126   19,  63   55,  59
1869:     1, 122   19,  63   55,  59
1870:    19,  67    1,  33   55,  59
1871:    19,  67    1,  33   55,  59
1872:     1, 125    1,  33   55,  59
1873:     1, 124    1,  33   40,  56
1874:    19,  67   20,  34   40,  56
1875:     1,  19   27,  41   35, 209
1876:     3,  16   23,  39   38,  60
1877:     3,  16   55, 166   33, 223
1878:     3,  16   31, 246   33, 229
1879:     3,  16   31, 251   56,  63
1880:     3,  16   25,  58   56,  63
1881:     3,  16    5,  53   56,  63
1882:     1, 124    5,  53   56,  63
1883:     1, 124    5,  53   56,  63
1884:     1, 123    5,  53   41,  53
1885:     1, 123    4,  44   39,  54
1886:     6,  13    4,  44   39,  54
1887:     6,  13   26,  58   39,  54
1888:     3, 166   26,  58   55,  60
1889:     3, 167   26,  58   55,  60
1890:     3, 167   26,  58   55,  60
1891:    31,  76   18, 224   48,  62
1892:     3, 165   29,  49   48,  62
1893:     3, 166   29,  49   48,  62
1894:     3, 170   43,  77   48,  56
1895:     3, 170    3, 209   48,  56
1896:     3, 171    7, 247   48,  56
1897:     3,  31   25,  49   42,  60
1898:    13,  23   25,  49   42,  60
1899:    12,  20   25,  49   42,  60
1900:    12,  20   30,  61   42,  60
1901:    12,  20   27, 228   46,  63
1902:    12,  20   27, 233   35,  48
1903:    12,  20   27,  51   35,  48
1904:    12,  20    7, 206   35,  48
1905:    12,  20   32,  63   35,  48
1906:    10,  18   31, 218   35,  48
1907:    16,  31   30,  48   37,  56
1908:    16,  31   30,  48   37,  56
1909:    16,  31   30,  48   37,  56
1910:     4,  30    3,  35   37,  56
1911:     4,  30    3,  35   37,  56
1912:     4,  30   13, 173   37,  56
1913:     4,  30   13, 172   37,  56
1914:     4, 113    4,  50   60, 199
1915:     4, 114    4,  50   41,  60
1916:     4, 112   25,  53   48,  52
1917:     4, 114   25,  53   48,  52
1918:     4, 115   30,  46   52,  64
1919:     4, 114   30,  46   52,  64
1920:     4, 112   30,  46   37,  53
1921:    15,  29   20,  52   37,  53
1922:    15,  29   28,  59   37,  53
1923:    15,  29   29,  53   37,  53
1924:    15,  29   29,  53   56,  59
1925:    15,  29   29,  53   45, 242
1926:    15,  29   13,  61   45, 240
1927:    15,  29   11,  59   45,  62
1928:    15,  29   11,  59   45,  62
1929:    15,  29   11,  59   45,  62
1930:    15,  29   16,  36   45,  62
1931:    15,  29   21,  57   47,  51
1932:    15,  29   21,  57   47,  51
1933:    15,  29    8,  39   47,  51
1934:    15,  29   59, 148   47,  51
1935:    15,  29   27, 255   41,  59
1936:    15,  29   20,  64   41,  59
1937:    15,  29   20,  64   41,  59
1938:    15,  29    5, 191   38,  55
1939:     6,   9    5, 186   38,  55
1940:     9, 139    5, 185   49,  57
1941:     9,  25   29,  47   36,  60
1942:     9,  25   29,  47   36,  60
1943:     9,  25   11,  57   36,  60
1944:    16,  30   24,  64   36,  60
1945:    16,  30    3,  43   45,  63
1946:    20,  31    3,  43   45,  63
1947:    13,  32    7,  55   59, 174
1948:    10,  27   16,  48   39,  47
1949:    10,  27   27,  60   39,  47
1950:    10,  27   27,  60   54,  61
1951:    10,  27   27,  60   37,  57
1952:    10,  27   27,  60   37,  57
1953:    10,  27   32,  63   37,  57
1954:    10,  27   32,  46   45,  62
1955:    10,  27   25,  58   45,  62
1956:    10,  27   29, 218   45,  62
1957:     6,  24   29, 215   45,  62
1958:     6,  24   31,  64   45,  62
1959:     6,  24   31,  64   38,  55
1960:     6,  24   19, 240   55,  64
1961:     6,  24   18,  36   55,  64
1962:     6,  24   18,  36   55,  64
1963:     6,  24   21,  61   55,  64
1964:     6,  24   21,  61   45,  63
1965:     6,  24   21,  61   45,  63
1966:     6,  24   32,  64   45,  63
1967:    10,  22   32,  64   45,  63
1968:    15,  31   32,  64   45,  63
1969:    15,  31   32,  64   45,  63
1970:    15,  31    9,  42   51,  60
1971:    15,  31    9,  42   36,  60
1972:    15,  31    9,  42   47,  61
1973:    15,  31    1,  33   47,  61
1974:     3,  15    1,  33   47,  61
1975:     3,  15   33,  66   43,  55
1976:     3,  15   27,  55   43,  55
1977:     3,  15   27,  55   43,  55
1978:     3,  15   29,  62   41,  57
1979:     3,  15   29,  62   44,  50
1980:     3,  15   29,  62   44,  50
1981:     3,  15   20,  52   39,  61
1982:     3,  15   20,  52   51,  63
1983:     3,  15   31, 236   51,  63
1984:     3,  15   31, 239   51,  63
1985:     3,  15   31, 239   51,  63
1986:     3,  15   30,  62   51,  63
1987:     6,  22   30,  62   51,  63
1988:     6,  22   30,  62   39,  57
1989:     1,  10   17,  61   39,  57
1990:     1,  10   17,  61   35,  49
1991:     1,  10   17,  61   35,  49
1992:     1,  10   17,  61   47,  49
1993:     1,  94   29,  62   34,  60
1994:     1,  94   20,  51   45, 237
1995:    10,  71   20,  51   45, 236
1996:    12,  18   20,  51   45, 239
1997:    12,  18   20,  51   45, 240
1998:    12,  18   53, 164   45,  53
1999:    12,  18   18, 188   36, 228
2000:    12,  18   18, 188   33,  57
2001:    12,  18   36, 120   33,  57
2002:    12,  18   21,  61   35, 232
2003:    20,  31   21,  61   35,  51
2004:    20,  31   26,  58   35,  51
2005:    20,  31   51, 149   35,  51
2006:    20,  31   27, 238   35,  51
2007:    20,  31   27, 237   40,  47
2008:     4,  30    6, 214   33,  50
2009:     4,  30    6, 213   33,  50
2010:     4,  30   18,  58   33,  50
2011:     4,  30   31,  51   35,  61
2012:     4,  30   31,  51   35,  61
2013:     4,  30   31,  51   35,  61
2014:     4,  30   51, 164   35,  61
2015:     4,  30   51, 166   35,  61
2016:     4,  30    6,  37   35,  61
2017:    12,  27    6,  37   35,  61
2018:    12,  27    6,  37   34,  41
2019:    12,  27   14, 189   34,  41
2020:    12,  27   14, 188   34,  41
2021:    12,  27   14, 185   41,  51
2022:    22,  29   14, 191   34,  60
2023:    22,  29   14,  38   34,  60
2024:    22,  29   20, 228   37,  53
2025:     6,  10   20, 228   37,  53
2026:     6,  10    6,  42   37,  53
2027:     6,  10    6,  42   52,  64
2028:     6,  10    6,  42   52,  64
2029:     6,  10    6,  42   52,  64
2030:     6,  10   22,  53   38,  62
2031:    22,  25   22,  53   38,  62
2032:    22,  25   22,  53   38,  62
2033:    22,  25   22,  53   38, 207
2034:    22,  25    2, 198   38,  54
2035:    22, 147    2, 206   46,  63
2036:    22, 147   23,  37   46,  63
2037:    22, 146   31,  51   46,  63
2038:    25, 135   31,  51   46,  63
2039:    24,  28   20,  52   46,  56
2040:    24,  28   20,  52   46,  56
2041:    24,  28   20,  52   46,  56
2042:    21,  30   30,  61   56, 222
2043:    21,  30   30,  61   46, 248
2044:    21,  30   30,  61   38, 202
2045:    21,  30   23,  39   40,  54
2046:     4, 121   23,  39   40,  54
2047:     4, 120    2,  46   47,  63
2048:     1,  10    2,  46   47,  63
2049:     1,  10    2,  46   47,  63
2050:     1,  10    4,  50   47,  63
2051:     1,  90   25,  57   47,  63
2052:     1,  91   25,  57   47,  63
2053:     1,  92   25,  57   42,  58
2054:    10,  69   10,  58   37, 219
2055:     1,  94   10,  58   37, 221
2056:    10,  69    6, 218   37,  46
2057:     1,  94   30,  48   37,  46
2058:     4, 114   30,  48   37,  46
2059:     4, 115   13,  63   33, 238
2060:     4, 113   13,  63   33,  52
2061:     4, 113   26,  57   33,  52
2062:     4, 114   12,  58   54,  57
2063:     4, 114   12,  58   52,  63
2064:     4, 113   31,  64   51,  63
2065:     4, 113   31,  64   49,  58
2066:    23,  32   31,  64   49,  58
2067:    23,  32   31,  64   49,  58
2068:     2, 153   32,  48   49,  58
2069:     2, 155   15,  63   43,  57
2070:     2, 156   32,  63   43,  57
2071:     2,  28   32,  63   43,  57
2072:     2,  28   32,  63   52,  60
2073:     2,  28   32,  63   52,  60
2074:     2,  28   11,  39   52,  60
2075:     8,  11   11,  39   52,  60
2076:     8,  11   26,  58   54,  62
2077:     8,  11   26,  58   54,  62
2078:     8,  11   19,  35   54,  62
2079:     7,  12   19,  35   54,  62
2080:     7,  12   26,  50   54,  62
2081:    23,  28    2,  52   63, 184
2082:    23,  28    2,  52   37, 271
2083:    23,  28    2, 236   46,  52
2084:    23,  28    2,  52   46,  52
2085:    23,  28   26,  44   46,  52
2086:    23,  28   26,  44   46,  64
2087:    23,  28   30,  50   46,  64
2088:    23,  28   30,  50   39,  47
2089:    23,  28   30,  50   39,  47
2090:    23,  28   30,  50   39,  47
2091:    23,  28   28,  59   46,  50
2092:    23,  28   28,  59   52, 205
2093:    10,  24   19,  63   44,  52
2094:    10,  24   30,  46   44,  52
2095:    10,  24   30,  46   44,  52
2096:     4, 116   26,  50   44,  52
2097:     4, 116   26,  50   44,  52
2098:     4, 119   26,  50   46,  61
2099:     8,  32    4, 185   36,  44
2100:    24,  32   11,  35   36,  44
2101:    24,  32   11,  35   36,  44
2102:    24,  32   11,  35   46,  56
2103:    20,  27    4,  50   46,  56
2104:    23,  31    2,  52   38,  64
2105:    23,  31    2,  52   38,  64
2106:    23,  31    2,  52   38,  64
2107:    23,  31   29,  45   36,  49
2108:    23,  31   29,  45   36,  49
2109:    23,  31   13,  63   36,  49
2110:    23,  31   13,  63   36, 210
2111:    23,  31   63,  98   36, 215
2112:    11, 122   16,  48   46,  50
2113:    11, 121   16,  48   40,  48
2114:    11,  19    6,  54   40,  48
2115:    11,  19    6,  54   40,  48
2116:    11,  19    4, 185   42,  54
2117:    11,  19   27, 236   42,  54
2118:     6,  84   26,  50   42,  54
2119:     6,  84   15,  63   46,  62
2120:    24,  27   15,  63   46,  62
2121:    24,  27   15,  63   48,  63
2122:    24,  27   15,  48   48,  63
2123:    24,  27   15,  48   39,  57
2124:    24,  27   12,  44   39,  57
2125:    24,  27   11,  57   54,  61
2126:     7,  29   13,  61   54,  61
2127:     7,  29   13,  61   54,  61
2128:    14,  30    8,  44   54,  61
2129:    14,  30   16,  48   54,  61
2130:    14,  30   16,  48   54,  61
2131:    14,  30   16,  48   46,  63
2132:    14,  30   15,  61   46,  63
2133:    14,  30   15,  61   46,  63
2134:    14,  30   15,  61   46,  63
2135:    14,  30   29,  61   46,  63
2136:    14,  30   29,  61   47, 269
2137:    14,  30   29,  61   41,  51
2138:     1,  31   29,  61   41,  51
2139:     1,  31   15,  48   41,  51
2140:     1,  31   15,  48   41, 237
2141:     1,  31   11,  39   51,  64
2142:     1,  31   45, 165   39,  55
