 # structure-id | largest rho
           1   2.24747788014927     
           2   3.66235417611965     
           3   3.74648327645528     
           4   3.73421410021412     
           5   3.61461056728228     
           6   3.37125389850337     
           7   3.05377502302641     
           8   3.28090137585689     
           9   3.37963456138569     
          10   3.33439334478422     
          11   3.15955853950455     
          12   3.30300658864791     
          13   3.37323742000620     
          14   3.33445532822105     
          15   3.30226822253087     
          16   3.24614510426806     
          17   3.19833278193548     
          18   3.18266837931884     
          19   3.18345858600581     
          20   3.06981830822773     
          21   3.30139851453067     
          22   3.43027016416957     
          23   3.73993653773727     
          24   3.92685527261301     
          25   3.95134242202180     
          26   3.80711006205587     
          27   3.55936845346979     
          28   3.21126371226552     
          29   3.14176200728939     
          30   3.16044012231594     
          31   3.07897001911388     
          32   3.01184005845007     
          33   3.03485054649030     
          34   3.01766673607856     
          35   3.06686824767631     
          36   3.14895027654450     
          37   3.32200747286420     
          38   3.44589552129961     
          39   3.54071217293972     
          40   3.59023543343725     
          41   3.52379208148577     
          42   3.39462397187386     
          43   3.27663558231601     
          44   3.21243287074266     
          45   3.41259776068401     
          46   3.66131071511468     
          47   3.76905792278020     
          48   3.76255249852831     
          49   3.61803891536644     
          50   3.33650474519532     
          51   3.51389915380008     
          52   3.52342752803137     
          53   3.49932020998314     
          54   3.43468152017624     
          55   3.36333607340570     
          56   3.46355173122272     
          57   3.48577520783051     
          58   3.45447435368452     
          59   3.40983028545653     
          60   3.34883258892141     
          61   3.45545858831138     
          62   3.51316848407180     
          63   3.59851095325869     
          64   3.45105200927829     
          65   3.36273553153737     
          66   3.62271841011613     
          67   3.78270406730475     
          68   3.81315421334096     
          69   3.73183067975031     
          70   3.55450929374004     
          71   3.33231595504883     
          72   3.10101855358793     
          73   3.14157094284222     
          74   3.17635966647463     
          75   3.12329569042724     
          76   3.01702314970345     
          77   3.18649756733112     
          78   3.41024673082720     
          79   3.55479876042166     
          80   3.72598818429079     
          81   3.72664852369280     
          82   3.53692974501540     
          83   3.23349381599518     
          84   3.07802397280828     
          85   3.18303763521221     
          86   3.35561490054244     
          87   3.39650470539083     
          88   3.31672807500560     
          89   3.25524575696331     
          90   3.19022629274350     
          91   3.14685156902596     
          92   3.26719067417220     
          93   3.39873859497231     
          94   3.51561967337787     
          95   3.57039538380914     
          96   3.56965524952486     
          97   3.45145810500183     
          98   3.35769473475000     
          99   3.62026895298781     
         100   3.85166894397320     
         101   3.95532323019222     
         102   3.92389046672381     
         103   3.75790446744291     
         104   3.66492190441802     
         105   3.55137829677956     
         106   3.65883828340745     
         107   3.69192816560935     
         108   3.63771383388214     
         109   3.59904036586334     
         110   3.87341967191276     
         111   3.98891979177125     
         112   3.93797536106674     
         113   3.76052593675130     
         114   3.52274312988288     
         115   3.41188590952156     
         116   3.54064014476585     
         117   3.69885983915325     
         118   3.77540086383768     
         119   3.77742575817814     
         120   3.70766844115731     
         121   3.53748263241380     
         122   3.34786112068608     
         123   3.41418509448665     
         124   3.57103441108024     
         125   3.54799531103009     
         126   3.37660704369595     
         127   3.16898074319675     
         128   3.04750064027902     
         129   3.28847816705083     
         130   3.41769039111880     
         131   3.48085536378824     
         132   3.44536174916895     
         133   3.31314692691839     
         134   3.26858619199641     
         135   3.23044789729365     
         136   3.50807070136519     
         137   3.63899687288879     
         138   3.57021936529044     
         139   3.42849623537493     
         140   3.26665585449487     
         141   3.42959888153479     
         142   3.47796388074217     
         143   3.44577833790202     
         144   3.33451019246378     
         145   3.33944477387845     
         146   3.30608311586973     
         147   3.43351482730342     
         148   3.65621338160544     
         149   3.63636043690097     
         150   3.54047566536674     
         151   3.46715319078362     
         152   3.42486574753769     
         153   3.31643283647520     
         154   3.36497254738734     
         155   3.45670741968960     
         156   3.51113378250822     
         157   3.40445112177637     
         158   3.19207989391105     
         159   3.35881969960070     
         160   3.51659450277836     
         161   3.50641104935102     
         162   3.32881715544440     
         163   3.14306002445206     
         164   3.00457352792408     
         165   2.96364807562881     
         166   3.16179887105100     
         167   3.42680303065953     
         168   3.52263511502603     
         169   3.51268819389897     
         170   3.43088709865412     
         171   3.33588499241064     
         172   3.46556009611840     
         173   3.52143929357492     
         174   3.44976185042652     
         175   3.55337842961435     
         176   3.51128750195495     
         177   3.49912565643961     
         178   3.77086870623121     
         179   3.91600326185727     
         180   3.96079607826576     
         181   3.90042855929350     
         182   3.65448246773543     
         183   3.28448855163998     
         184   3.06002791925881     
         185   3.32491047810155     
         186   3.50181565516291     
         187   3.50821061082335     
         188   3.39444389293576     
         189   3.33645383631372     
         190   3.48160430418963     
         191   3.58623038925213     
         192   3.52245986008557     
         193   3.35479251454075     
         194   3.35060522479776     
         195   3.25712778042921     
         196   3.43223453477694     
         197   3.40525256691171     
         198   3.28219922731725     
         199   3.34090044437742     
         200   3.46451486260881     
         201   3.54439811233582     
         202   3.51104364705468     
         203   3.48613914374515     
         204   3.75938890160253     
         205   3.84135912090163     
         206   3.76604102220519     
         207   3.64692081744168     
         208   3.40067937223119     
         209   3.22282419550812     
         210   3.23915263467249     
         211   3.09530963595842     
         212   3.15221386618590     
         213   3.33768894102560     
         214   3.32780014506172     
         215   3.22227974037125     
         216   3.04512121459661     
         217   3.05495077230679     
         218   3.08780851355905     
         219   2.99357570748000     
         220   2.92926304520963     
         221   3.01819991664768     
         222   3.23525275848589     
         223   3.27334587562905     
         224   3.15894871964082     
         225   3.33182358430372     
         226   3.42128953504668     
         227   3.42030130956576     
         228   3.31620426848173     
         229   3.23140856120516     
         230   3.33701344398188     
         231   3.44201586563787     
         232   3.37790766376047     
         233   3.41317376337526     
         234   3.52924056102562     
         235   3.45755053504350     
         236   3.33136405716241     
         237   3.27272170643373     
         238   3.24492713067221     
         239   3.19573592684773     
         240   3.28008372140376     
         241   3.32115877262974     
         242   3.33568315048368     
         243   3.25494567136701     
         244   3.06842757562425     
         245   2.95512451345658     
         246   3.29264242753739     
         247   3.65280825205419     
         248   3.98821289691990     
         249   4.13347421999736     
         250   4.00899597120073     
         251   3.68349175527171     
         252   3.35561648040901     
         253   3.21600538794933     
         254   3.21468507142959     
         255   3.49915196829865     
         256   3.87992651959432     
         257   4.13007920584079     
         258   4.15189323903279     
         259   3.97659818255354     
         260   3.64365005605508     
         261   3.77905344194800     
         262   3.75080401437406     
         263   3.58492922261420     
         264   3.31781112730406     
         265   3.18435805568227     
         266   3.18269831154862     
         267   3.10310063284777     
         268   3.18302847561575     
         269   3.39099614982414     
         270   3.45746090234409     
         271   3.39667837105876     
         272   3.25608159853420     
         273   3.09258422496438     
         274   3.09827765684051     
         275   3.30725253731644     
         276   3.44360944931388     
         277   3.52401174447884     
         278   3.58764335932173     
         279   3.56273326031365     
         280   3.36954168734937     
         281   3.18126810560784     
         282   3.32935997266691     
         283   3.31598531457772     
         284   3.26037570802491     
         285   3.24896132532092     
         286   3.38017074112243     
         287   3.41481339700086     
         288   3.33878998220165     
         289   3.11816671818410     
         290   3.01451025654855     
         291   2.93794082548707     
         292   3.03902697888789     
         293   3.13614540400264     
         294   3.13432701363595     
         295   3.20946842148736     
         296   3.26479656263916     
         297   3.14984537641946     
         298   3.22334742154904     
         299   3.23343680871012     
         300   3.18242284665316     
         301   3.05110027115059     
         302   2.96425282777863     
         303   3.10668033626041     
         304   3.18619225509993     
         305   3.20832371504719     
         306   3.27547833676298     
         307   3.27751411914187     
         308   3.11148303749087     
         309   3.30887390989355     
         310   3.47998061623706     
         311   3.55352429513702     
         312   3.51413904974916     
         313   3.40579327005533     
         314   3.24086094059062     
         315   3.30505542754236     
         316   3.29477337171464     
         317   3.28879478974506     
         318   3.24307107197390     
         319   3.18229674350279     
         320   3.13720133946239     
         321   3.04901593705667     
         322   3.09782909752144     
         323   3.21251580024610     
         324   3.25283983676109     
         325   3.41896796203729     
         326   3.47745947837549     
         327   3.45329844761278     
         328   3.30887148368244     
         329   3.24976944395436     
         330   3.34165373934873     
         331   3.36712148341057     
         332   3.28810765793850     
         333   3.23000098745026     
         334   3.25124902634528     
         335   3.45286485747593     
         336   3.44448070295765     
         337   3.30328015648301     
         338   3.27281318353429     
         339   3.39855907095936     
         340   3.43105931372664     
         341   3.47230395324663     
         342   3.57030689896001     
         343   3.56701030359263     
         344   3.45405172874770     
         345   3.20990545854654     
         346   3.31439099081982     
         347   3.43680796942609     
         348   3.45806446949170     
         349   2.24747788014927     
         350   3.80078059961711     
         351   3.88863032799399     
         352   3.82344877234615     
         353   3.77263724921937     
         354   3.54513063631736     
         355   3.26357793743840     
         356   3.16856880700269     
         357   3.30013847543523     
         358   3.40755376182219     
         359   3.37940721193602     
         360   3.24956159821064     
         361   3.22778906438002     
         362   3.22726568942364     
         363   3.24455078393185     
         364   3.31586194039258     
         365   3.32323285752065     
         366   3.22970833731307     
         367   2.99778724340336     
         368   3.09424931639105     
         369   3.31466840861970     
         370   3.53764880899983     
         371   3.59996163987911     
         372   3.54537616429430     
         373   3.34265168228867     
         374   3.42226342047139     
         375   3.45089191711266     
         376   3.24448315050292     
         377   2.90727224859992     
         378   3.20840431723363     
         379   3.47028072102973     
         380   3.57032457475439     
         381   3.49545911960854     
         382   3.34207589743833     
         383   3.16461947446058     
         384   3.02358580738457     
         385   3.04120416868985     
         386   3.17283040158243     
         387   3.20687061089841     
         388   3.23125427990194     
         389   3.30233390724037     
         390   3.31775157324890     
         391   3.41980236963958     
         392   3.39042026973462     
         393   3.40103287325140     
         394   3.58794275411960     
         395   3.70239317867519     
         396   3.72604612050266     
         397   3.57155593129700     
         398   3.28216561290527     
         399   3.28100297445858     
         400   3.40965652548657     
         401   3.44604070319869     
         402   3.38501076954720     
         403   3.20385596255547     
         404   3.17918666622872     
         405   3.09460626305132     
         406   3.23638744509393     
         407   3.27715760804273     
         408   3.21555404641045     
         409   3.25513729167749     
         410   3.35284343828346     
         411   3.47175033285229     
         412   3.47787735485828     
         413   3.31664721165712     
         414   3.25033753159496     
         415   3.30048028557975     
         416   3.34025910876938     
         417   3.21196778242706     
         418   3.33223921650980     
         419   3.55895453692348     
         420   3.63644529959006     
         421   3.54637874485023     
         422   3.37178801621876     
         423   3.16365571597732     
         424   3.30799739444181     
         425   3.35680257761331     
         426   3.30794629316157     
         427   3.19308933692058     
         428   3.42885191584582     
         429   3.61191434633520     
         430   3.63282336092533     
         431   3.52983819857206     
         432   3.41070482601812     
         433   3.38586328923392     
         434   3.41369380245886     
         435   3.45369434590666     
         436   3.46641327031964     
         437   3.46304444823399     
         438   3.35586277564478     
         439   3.30472411822857     
         440   3.40144173723284     
         441   3.42143268201940     
         442   3.33248573826500     
         443   3.19502354192448     
         444   3.20112841869504     
         445   3.16959497351113     
         446   3.06937514763637     
         447   3.30649058535038     
         448   3.46360346605535     
         449   3.49979599806397     
         450   3.44475312399744     
         451   3.28720954280528     
         452   3.18871591024395     
         453   3.31654217931690     
         454   3.34875127326193     
         455   3.40755137283091     
         456   3.57116153896314     
         457   3.75860349045713     
         458   3.88337089574604     
         459   3.91724731457044     
         460   3.85053819430840     
         461   3.65056453432692     
         462   3.33597670317069     
         463   3.43287942593486     
         464   3.75424107312887     
         465   3.78937265604818     
         466   3.57647797003159     
         467   3.47389038734612     
         468   3.24990537507254     
         469   3.25888587343518     
         470   3.32860078402899     
         471   3.48531428583407     
         472   3.77735282069710     
         473   3.90992349027454     
         474   3.91402150226840     
         475   3.80638015526642     
         476   3.51099028169694     
         477   3.41573665497726     
         478   3.36585870896342     
         479   3.44559870705412     
         480   3.52260716371074     
         481   3.47480992868562     
         482   3.35228521642073     
         483   3.21545092433234     
         484   3.20369297865159     
         485   3.20903205393189     
         486   3.25732480973962     
         487   3.19400649756337     
         488   3.14995905288901     
         489   3.34648986620769     
         490   3.61595617435370     
         491   3.81913238787684     
         492   3.89976247039328     
         493   3.79110208241300     
         494   3.57416782380193     
         495   3.58333869110256     
         496   3.47408351676581     
         497   3.25563159554724     
         498   3.14802374690227     
         499   3.05579665783160     
         500   3.19663009251574     
         501   3.21588667613394     
         502   3.16742740098853     
         503   3.17502606502673     
         504   3.18226427609596     
         505   3.42250104497721     
         506   3.54747730293992     
         507   3.48260889253631     
         508   3.22682052212375     
         509   3.31787421156144     
         510   3.33909527278972     
         511   3.25030322687390     
         512   3.08647812587911     
         513   2.95567548515377     
         514   3.04763605514468     
         515   3.25887696394582     
         516   3.45096446996511     
         517   3.62394446589716     
         518   3.69942231538624     
         519   3.64781786815848     
         520   3.42108384654510     
         521   3.26893941725371     
         522   3.07260922470695     
         523   3.04381681741067     
         524   3.12433629257359     
         525   3.15382144175652     
         526   3.13049081264261     
         527   3.19604271215818     
         528   3.20735857602415     
         529   3.22008502178891     
         530   3.18078403733975     
         531   3.22887162275768     
         532   3.20281342953858     
         533   3.23989146977230     
         534   3.26543669667323     
         535   3.30669969611545     
         536   3.64533533594300     
         537   3.83851347100066     
         538   3.87384609764709     
         539   3.75807107519057     
         540   3.54683304212167     
         541   3.23366200292235     
         542   3.04473332951737     
         543   3.21654304519498     
         544   3.53806091296587     
         545   3.66328775257105     
         546   3.63736914822457     
         547   3.47547013209460     
         548   3.37014955022044     
         549   3.44070350239100     
         550   3.51711099076626     
         551   3.59574762174293     
         552   3.57280654722693     
         553   3.47126502809308     
         554   3.37705011283493     
         555   3.32136731089479     
         556   3.47631096798773     
         557   3.52807866147224     
         558   3.53642750399720     
         559   3.53037977348353     
         560   3.39878093405833     
         561   3.35327212981595     
         562   3.31299627146791     
         563   3.30522778806742     
         564   3.27269371155099     
         565   3.34812569441334     
         566   3.53964988122335     
         567   3.60725510804156     
         568   3.56123400232846     
         569   3.43875864849061     
         570   3.55939302361787     
         571   3.68176695779602     
         572   3.69891721488614     
         573   3.54344013280861     
         574   3.30840676734433     
         575   3.02753119278080     
         576   3.10141395505990     
         577   3.19895398413596     
         578   3.18731461781871     
         579   3.08949099286253     
         580   3.04202389196086     
         581   3.04765505798704     
         582   3.07625674867835     
         583   3.10335483055490     
         584   3.12658548794441     
         585   3.10819288788134     
         586   3.31096044316210     
         587   3.36776188514100     
         588   3.32419537275795     
         589   3.34417804815866     
         590   3.38377245995740     
         591   3.41499085814868     
         592   3.35236780458938     
         593   3.23705532956848     
         594   3.08980436101381     
         595   3.04694924158408     
         596   3.06831217079936     
         597   3.21777243571450     
         598   3.31091828984736     
         599   3.29230854828107     
         600   3.24611873832652     
         601   3.47956117728212     
         602   3.62784797215783     
         603   3.58331011222626     
         604   3.58415360424013     
         605   3.61659758353722     
         606   3.57591425184814     
         607   3.51634332206212     
         608   3.40819787355033     
         609   3.27735720933869     
         610   3.33674216548352     
         611   3.40982208305216     
         612   3.50131669979275     
         613   3.52410382821194     
         614   3.62643353912908     
         615   3.59560800959722     
         616   3.45912719859820     
         617   3.66206968332530     
         618   3.76244378291573     
         619   3.72920410200092     
         620   3.50390563963047     
         621   3.70926114980270     
         622   3.82223185196614     
         623   3.84730730077120     
         624   3.88828661006552     
         625   3.76638181386009     
         626   3.92516715660051     
         627   3.98344431622069     
         628   3.85950334153076     
         629   3.47888880628676     
         630   3.28309958178286     
         631   3.27504206956585     
         632   3.16256759164677     
         633   2.97996013409510     
         634   3.03126628408490     
         635   3.08792073435308     
         636   3.13754492917395     
         637   3.26682099111168     
         638   3.23910086034264     
         639   3.34097322718626     
         640   3.50566018889167     
         641   3.80835777267714     
         642   3.93594794785002     
         643   3.87868615999285     
         644   3.70418442953668     
         645   3.43259001162606     
         646   3.24939051383037     
         647   3.16734946172957     
         648   3.14496986454228     
         649   3.07005910794819     
         650   3.06916494376624     
         651   3.28155056116642     
         652   3.39320417997812     
         653   3.39086410058075     
         654   3.64548359814121     
         655   3.88817543406912     
         656   3.85876874906978     
         657   3.57403255719312     
         658   3.46187502840473     
         659   3.63486946342690     
         660   3.64501632659881     
         661   3.51768927030724     
         662   3.31918794770261     
         663   3.17577798639549     
         664   3.12559989978084     
         665   3.28627287199374     
         666   3.42922560854423     
         667   3.46828134385196     
         668   3.33724443178061     
         669   3.05916047787603     
         670   3.06989296915033     
         671   3.15163324108124     
         672   3.20710434366633     
         673   3.35646280891769     
         674   3.39344948531654     
         675   3.36195137193626     
         676   3.40494040561563     
         677   3.43489244245889     
         678   3.64780534694661     
         679   3.69751340201101     
         680   3.58703243245873     
         681   3.31823909227538     
         682   3.37262670972986     
         683   3.86572750668400     
         684   4.16133022483091     
         685   4.22977677638723     
         686   4.02747605686598     
         687   3.66575551054172     
         688   3.35618806828877     
         689   3.21886598924216     
         690   3.24358802568870     
         691   3.28417745680096     
         692   3.31287991519533     
         693   3.34937101486444     
         694   3.39927149322312     
         695   3.35190026025410     
         696   3.47435189739267     
         697   3.50544574082865     
         698   3.51783339216921     
         699   3.47014519553430     
         700   3.40463276506416     
         701   3.40190634621772     
         702   3.49917867356581     
         703   3.46307742768127     
         704   3.30874580488055     
         705   3.04044445787539     
         706   3.10271656310837     
         707   3.24365423453009     
         708   3.31333966403976     
         709   3.35259873889135     
         710   3.27589837602491     
         711   2.24747788014927     
         712   3.37683142559480     
         713   3.51864599611892     
         714   3.59336893086260     
         715   3.58604138453516     
         716   3.50584142386541     
         717   3.34174120497752     
         718   3.20299307639924     
         719   3.12992075359122     
         720   3.20943689574042     
         721   3.22231988206744     
         722   3.09557383533148     
         723   3.09310074202352     
         724   3.06622464703326     
         725   3.19088702216582     
         726   3.17401774334073     
         727   3.08744116170526     
         728   3.12531273688593     
         729   3.22657486492822     
         730   3.23984223529954     
         731   3.18169008037346     
         732   3.34823580545595     
         733   3.42518783735313     
         734   3.54861152926959     
         735   3.57746265811413     
         736   3.48559569139069     
         737   3.38533587891038     
         738   3.25720418560789     
         739   3.05410527831667     
         740   3.08992905500904     
         741   3.48103986975035     
         742   3.68320178461641     
         743   3.56814666544826     
         744   3.57596109649645     
         745   3.58878578902765     
         746   3.49974007168222     
         747   3.23624808766884     
         748   3.21092700515002     
         749   3.21049493636294     
         750   3.21526713533293     
         751   3.18015682782380     
         752   3.37509730223972     
         753   3.67880616049457     
         754   3.75357005564890     
         755   3.60280419392345     
         756   3.32826154021357     
         757   3.40169494973573     
         758   3.49699349885102     
         759   3.50851303908139     
         760   3.37938972557444     
         761   3.39478875394168     
         762   3.46205552980740     
         763   3.61757558209426     
         764   3.72525206892813     
         765   3.69583186979590     
         766   3.62293923255404     
         767   3.44880053018439     
         768   3.20100468014886     
         769   3.11996476699600     
         770   3.17163163536092     
         771   3.14945561744433     
         772   3.26110559684775     
         773   3.47747959562964     
         774   3.60266129538648     
         775   3.53493283349789     
         776   3.45326312515177     
         777   3.58091530491733     
         778   3.60386675448788     
         779   3.48833682786496     
         780   3.27759022166890     
         781   3.14263509406276     
         782   3.15888716216724     
         783   3.25789863997912     
         784   3.37632520282853     
         785   3.46856460573213     
         786   3.47777825917326     
         787   3.39136905662081     
         788   3.20282388511175     
         789   3.17179825320615     
         790   3.31112891191285     
         791   3.40938938723730     
         792   3.39833783141936     
         793   3.31900279146787     
         794   3.20039792875575     
         795   3.18670906683994     
         796   3.35498595720899     
         797   3.52168989042999     
         798   3.58500245149126     
         799   3.55199130812956     
         800   3.49498965183439     
         801   3.46719219368055     
         802   3.52519402754709     
         803   3.51543096458802     
         804   3.43636528239131     
         805   3.25581399181563     
         806   3.00038003351985     
         807   2.96770043400041     
         808   2.92273074221957     
         809   3.02668055234503     
         810   3.10318115887175     
         811   3.13412747470156     
         812   3.20743263324516     
         813   3.23715601506662     
         814   3.24163114025274     
         815   3.24266412718622     
         816   3.23152840723245     
         817   3.21129596455451     
         818   3.23412938380614     
         819   3.46059715172917     
         820   3.53369869525287     
         821   3.48674703843862     
         822   3.31273357174585     
         823   3.35550078186305     
         824   3.53853867363813     
         825   3.67677477409054     
         826   3.69894858646447     
         827   3.58237116995206     
         828   3.49856861000734     
         829   3.48141051630631     
         830   3.35382847091013     
         831   3.42180634406223     
         832   3.41950337847730     
         833   3.63278239164088     
         834   3.72179417817383     
         835   3.63584656276991     
         836   3.44076672921872     
         837   3.38063291908130     
         838   3.38693456346921     
         839   3.37029043795997     
         840   3.23030140744626     
         841   3.23279603678199     
         842   3.39080476637992     
         843   3.44555971673420     
         844   3.38274200822751     
         845   3.27232687465555     
         846   3.20563311250317     
         847   3.09669010665451     
         848   3.12083409003852     
         849   3.26148472043066     
         850   3.34813426244371     
         851   3.39878348390823     
         852   3.38766916388154     
         853   3.23167895308976     
         854   3.16612832889830     
         855   3.11676613394725     
         856   3.09483124054046     
         857   3.25786781889052     
         858   3.29495894339927     
         859   3.52213130645150     
         860   3.53478785820664     
         861   3.33700880580482     
         862   3.14556847084820     
         863   3.16991945924395     
         864   3.26247847934262     
         865   3.32658531773843     
         866   3.29462625042730     
         867   3.12468323802711     
         868   3.02797181530135     
         869   3.08177734981590     
         870   3.12564653198422     
         871   3.28374007654602     
         872   3.34029768761061     
         873   3.25282035262584     
         874   3.13868137086224     
         875   3.27009879573800     
         876   3.40438396763520     
         877   3.50869436344056     
         878   3.50338731259917     
         879   3.36961130083303     
         880   3.18044669108014     
         881   3.16028233822556     
         882   3.18774398006806     
         883   3.17280851987327     
         884   3.32532278217477     
         885   3.36505011076815     
         886   3.36960268884733     
         887   3.54394156942369     
         888   3.57212230449410     
         889   3.48217372943973     
         890   3.33386890122136     
         891   3.19421298778668     
         892   3.16111568126576     
         893   3.27100981784303     
         894   3.32922220891698     
         895   3.39512394199209     
         896   3.36945040191490     
         897   3.24359244823036     
         898   3.08797750392498     
         899   3.13071904114153     
         900   3.16992238537155     
         901   3.15699785679732     
         902   3.16211514969561     
         903   3.08258675952554     
         904   2.93039891789212     
         905   3.15526144930726     
         906   3.32249129665323     
         907   3.39396275425788     
         908   3.36910502665451     
         909   3.25820972817432     
         910   3.18554898751315     
         911   3.07251023614693     
         912   3.07908911120145     
         913   3.11297661027642     
         914   3.07193958854264     
         915   3.02868097022029     
         916   3.15936186925357     
         917   3.26880641871060     
         918   3.27723667714910     
         919   3.38868474556796     
         920   3.53111040309507     
         921   3.53357685365549     
         922   3.49807309059005     
         923   3.45360771219502     
         924   3.43148509551326     
         925   3.50328858863208     
         926   3.59511830323500     
         927   3.64218266876698     
         928   3.46458215066274     
         929   3.12732553159251     
         930   3.20203616234699     
         931   3.08051241930796     
         932   2.94980733811513     
         933   3.12632916572944     
         934   3.18194719745915     
         935   3.19367762445156     
         936   3.08456793480451     
         937   3.17572802722294     
         938   3.22992813182078     
         939   3.25365944596187     
         940   3.29977804612060     
         941   3.33929076501927     
         942   3.30970369053443     
         943   3.39664465028993     
         944   3.45144221320165     
         945   3.43753568682352     
         946   3.34567025264986     
         947   3.15461205330746     
         948   3.28397540631516     
         949   3.29572422044711     
         950   3.19804071611353     
         951   3.21810758290885     
         952   3.35559885048472     
         953   3.43931787908823     
         954   3.38463632650350     
         955   3.21632815265633     
         956   3.25891004561648     
         957   3.25591493386070     
         958   3.16234076015249     
         959   3.22385881237268     
         960   3.36805993373119     
         961   3.65543422662380     
         962   3.84611561509225     
         963   3.88712134688632     
         964   3.82359997232060     
         965   3.69070938545390     
         966   3.51304070504932     
         967   3.24162224856074     
         968   3.12789603588569     
         969   3.34510403175794     
         970   3.40715107803983     
         971   3.40784482366941     
         972   3.34797740110372     
         973   3.20237408521674     
         974   3.10316578060867     
         975   3.16045287327657     
         976   3.21909923243501     
         977   3.38431662689914     
         978   3.37312438373653     
         979   3.21159827708493     
         980   3.26808672181601     
         981   3.35144731682903     
         982   3.37815955165728     
         983   3.54537276291110     
         984   3.59828601748033     
         985   3.56018596013631     
         986   3.41667880255928     
         987   3.20996843465926     
         988   3.03223855556631     
         989   3.26537668300803     
         990   3.58487641212156     
         991   3.70064639679571     
         992   3.63041450835906     
         993   3.47456417255197     
         994   3.31086648138398     
         995   3.33842566139493     
         996   3.36181336894519     
         997   3.34487428958987     
         998   3.17148504380402     
         999   2.97292766780786     
        1000   3.07452543872698     
        1001   3.31757883228073     
        1002   3.52972173206272     
        1003   3.66203554672389     
        1004   3.63038818486719     
        1005   3.71407363962398     
        1006   3.69738223801401     
        1007   3.50130622628296     
        1008   3.18773806630321     
        1009   3.33373687520602     
        1010   3.45999809689636     
        1011   3.44657443219022     
        1012   3.31312988404077     
        1013   3.29820450818585     
        1014   3.33223855982056     
        1015   3.25291507194102     
        1016   3.14040327047283     
        1017   2.98383681635577     
        1018   3.42475170948526     
        1019   3.74257865135716     
        1020   3.86134658935250     
        1021   3.85634637784310     
        1022   3.69842541012741     
        1023   3.44245078428463     
        1024   3.29615547921031     
        1025   3.32001530461293     
        1026   3.45762457952619     
        1027   3.47276945159602     
        1028   3.66589357297845     
        1029   3.52633017379424     
        1030   3.41025117007603     
        1031   3.46038669605439     
        1032   3.35110498701116     
        1033   3.17177569228339     
        1034   3.20886563027159     
        1035   3.16128193923190     
        1036   3.13436320866245     
        1037   3.31351141733720     
        1038   3.36049161987483     
        1039   3.34919860776116     
        1040   3.33926737431594     
        1041   3.29682483968404     
        1042   3.40417995469735     
        1043   3.41335787961278     
        1044   3.45483521952965     
        1045   3.57585744841898     
        1046   3.57674556216213     
        1047   3.45883975756954     
        1048   3.21895772516941     
        1049   3.03962820055288     
        1050   3.13332487684898     
        1051   3.15670055273377     
        1052   3.10764889585830     
        1053   3.10346004309933     
        1054   3.11341097237827     
        1055   2.24747788014927     
        1056   3.22392213166576     
        1057   3.09181353837531     
        1058   3.05468628644371     
        1059   3.15125710210868     
        1060   3.09608104662754     
        1061   3.10664148396071     
        1062   3.29369079681271     
        1063   3.39653975772045     
        1064   3.41525181129349     
        1065   3.37537623483112     
        1066   3.46618458167019     
        1067   3.47091158019751     
        1068   3.35337116352264     
        1069   3.22967837187516     
        1070   3.16018436405013     
        1071   3.28919821589348     
        1072   3.59002147781479     
        1073   3.74726047098929     
        1074   3.82767176338327     
        1075   3.72039496843707     
        1076   3.46393393788891     
        1077   3.34081369683002     
        1078   3.27173693906077     
        1079   3.03929197441562     
        1080   3.10113920760362     
        1081   3.25000448764955     
        1082   3.66789023078097     
        1083   3.90446023976498     
        1084   3.96004423960523     
        1085   3.78766023639157     
        1086   3.50782049728528     
        1087   3.40109099891577     
        1088   3.25192188358054     
        1089   3.46190781621628     
        1090   3.60140920260492     
        1091   3.58854126454317     
        1092   3.46589769724811     
        1093   3.26555501837468     
        1094   3.22888888208523     
        1095   3.21074095639810     
        1096   3.15393553263429     
        1097   3.11885499439282     
        1098   3.03374494630348     
        1099   3.06885565564264     
        1100   3.10900736684814     
        1101   3.18409168339312     
        1102   3.24595856289831     
        1103   3.38342906178473     
        1104   3.51968928958228     
        1105   3.49616192888791     
        1106   3.35034115195872     
        1107   3.13390523303263     
        1108   3.29767146532674     
        1109   3.41954890313217     
        1110   3.42756579621149     
        1111   3.33056815943095     
        1112   3.09807770908595     
        1113   3.26772130860358     
        1114   3.29039496519367     
        1115   3.23375019058166     
        1116   3.33192067516756     
        1117   3.28971705170779     
        1118   3.06350796720884     
        1119   2.95378337372161     
        1120   3.12301297882314     
        1121   3.31846312767792     
        1122   3.32913667138026     
        1123   3.22990728385390     
        1124   3.41177544317185     
        1125   3.52556662049664     
        1126   3.58127718960250     
        1127   3.59540620582059     
        1128   3.45190253333120     
        1129   3.22604788388843     
        1130   3.14651206611858     
        1131   3.24519311793880     
        1132   3.34843586532884     
        1133   3.36384945159895     
        1134   3.42307341788348     
        1135   3.29908862421988     
        1136   3.04084590393933     
        1137   3.17406639848239     
        1138   3.20970376534611     
        1139   3.16827750605733     
        1140   3.14989869574851     
        1141   3.39091179011203     
        1142   3.43856213273369     
        1143   3.33931650615244     
        1144   3.15606845643359     
        1145   3.31650601954468     
        1146   3.37708942005331     
        1147   3.30659399912636     
        1148   3.10837753380477     
        1149   3.13553014817803     
        1150   3.07252794825616     
        1151   3.21071119528261     
        1152   3.47699872213213     
        1153   3.59616051191354     
        1154   3.58162143069990     
        1155   3.49882433323611     
        1156   3.34935321657833     
        1157   3.19306775904023     
        1158   3.30576279497146     
        1159   3.52750841536087     
        1160   3.65244253997103     
        1161   3.67666952569244     
        1162   3.65841360351753     
        1163   3.54952468367599     
        1164   3.31130856238029     
        1165   3.33984607997272     
        1166   3.37255275529633     
        1167   3.24953123414289     
        1168   3.09463414189798     
        1169   3.21577959636263     
        1170   3.46219730936370     
        1171   3.64198609984833     
        1172   3.61320683471559     
        1173   3.41052767955441     
        1174   3.39502747689765     
        1175   3.40818072012835     
        1176   3.27943818515151     
        1177   3.03898849296884     
        1178   3.14976233685341     
        1179   3.17777161353677     
        1180   3.06468768669275     
        1181   3.14912359184872     
        1182   3.31704001138275     
        1183   3.42475976517142     
        1184   3.46493163769186     
        1185   3.43868001167454     
        1186   3.31066535231715     
        1187   3.11227448457269     
        1188   3.04293565606788     
        1189   3.01101404231253     
        1190   3.27998110326494     
        1191   3.71354431479189     
        1192   4.03938507599506     
        1193   4.23377142260834     
        1194   4.20361786745606     
        1195   3.96670801433677     
        1196   3.54579383246497     
        1197   3.34605403245877     
        1198   3.37465505955790     
        1199   3.27921879452622     
        1200   3.30127319925595     
        1201   3.45167427361744     
        1202   3.45469981418663     
        1203   3.22996124369067     
        1204   3.27776139787576     
        1205   3.31175877242789     
        1206   3.38755945078532     
        1207   3.36913665367755     
        1208   3.36227900927759     
        1209   3.21432895230479     
        1210   3.00156162838977     
        1211   3.09373485649167     
        1212   3.13923198659961     
        1213   3.31855326746324     
        1214   3.47253236970111     
        1215   3.45297668864933     
        1216   3.25398140599071     
        1217   2.92878102288750     
        1218   2.93769011496609     
        1219   3.08497237545528     
        1220   3.10217732341660     
        1221   3.13713609259881     
        1222   3.38910429537368     
        1223   3.60719332442758     
        1224   3.65543397324371     
        1225   3.48405474513258     
        1226   3.63846367931149     
        1227   3.64429701838420     
        1228   3.55428293074820     
        1229   3.35042468622439     
        1230   3.43683410305195     
        1231   3.47024880734420     
        1232   3.44300295678342     
        1233   3.30033092907229     
        1234   3.11078693485576     
        1235   3.04055908321268     
        1236   3.09087257264453     
        1237   3.11751602858594     
        1238   3.21049138571101     
        1239   3.25759626392153     
        1240   3.21637714878428     
        1241   3.31999946013976     
        1242   3.39619369956717     
        1243   3.40128491767114     
        1244   3.38116602882007     
        1245   3.22214944097260     
        1246   3.11488971255862     
        1247   3.24402057232330     
        1248   3.22389749387548     
        1249   3.11005843314941     
        1250   3.16630699456508     
        1251   3.45468131379518     
        1252   3.60433105358634     
        1253   3.58966835386043     
        1254   3.71565181253156     
        1255   3.84554322814656     
        1256   3.86436835750260     
        1257   3.72660822880232     
        1258   3.56997261097089     
        1259   3.69774309210161     
        1260   4.02754863712314     
        1261   4.20298269561357     
        1262   4.20899078747314     
        1263   4.00861917104012     
        1264   3.53965289686857     
        1265   3.14060975739158     
        1266   2.97993545000605     
        1267   2.96338376943507     
        1268   3.06227879621582     
        1269   3.22694144697935     
        1270   3.35358350504660     
        1271   3.41771574994965     
        1272   3.66111949328234     
        1273   3.73106354139163     
        1274   3.63533814114534     
        1275   3.37223288247243     
        1276   3.00736984409471     
        1277   2.92765924876700     
        1278   3.08899901580513     
        1279   3.28657794733736     
        1280   3.63786368881255     
        1281   3.81403391638530     
        1282   3.83822033755093     
        1283   3.72911769106140     
        1284   3.48496139115829     
        1285   3.15916375852232     
        1286   3.22652321191035     
        1287   3.29586722335803     
        1288   3.38864863574514     
        1289   3.55279681529837     
        1290   3.81378481489883     
        1291   3.90723568410317     
        1292   3.88260993406973     
        1293   3.76405865548167     
        1294   3.51612537067058     
        1295   3.44816629071969     
        1296   3.42015471560360     
        1297   3.33343369771219     
        1298   3.29943503523320     
        1299   3.39844702958722     
        1300   3.47089559424060     
        1301   3.41598904058235     
        1302   3.28801159802434     
        1303   3.69631363704893     
        1304   4.13362292520550     
        1305   4.41994344860930     
        1306   4.40918539117970     
        1307   4.23831262575602     
        1308   3.99612644343739     
        1309   3.97188920088214     
        1310   3.99015532692888     
        1311   3.84641895854439     
        1312   3.56084828135946     
        1313   3.56974164451010     
        1314   3.52174461709799     
        1315   3.38265440200327     
        1316   3.21176772088802     
        1317   3.31133774710112     
        1318   3.37106003031535     
        1319   3.37447749879005     
        1320   3.25710172221261     
        1321   3.12334424182782     
        1322   3.01701424978629     
        1323   3.33087995412579     
        1324   3.49639550877857     
        1325   3.55428288089269     
        1326   3.54706729631308     
        1327   3.56504601349683     
        1328   3.51483620002451     
        1329   3.48493770653148     
        1330   3.35549202176581     
        1331   3.16342459413065     
        1332   3.10636281018315     
        1333   3.33714051416792     
        1334   3.58710243690264     
        1335   3.67410562007199     
        1336   3.66570707299857     
        1337   3.55358017763823     
        1338   3.45564552653529     
        1339   3.28200714579468     
        1340   3.27013208037103     
        1341   3.38566319520092     
        1342   3.47464949495161     
        1343   3.79434696256097     
        1344   4.12666675147340     
        1345   4.22857833726517     
        1346   4.11677977479255     
        1347   3.74972939810183     
        1348   3.35794229934895     
        1349   3.31030007851809     
        1350   3.53183177930132     
        1351   3.70315596074507     
        1352   3.71699680380865     
        1353   3.56993373906475     
        1354   3.22296547570133     
        1355   3.08894684921504     
        1356   3.22246416208419     
        1357   3.30854846477238     
        1358   3.28304882234842     
        1359   3.18338272934239     
        1360   3.14706691400852     
        1361   3.13440563592206     
        1362   3.17900891004582     
        1363   3.20595094508674     
        1364   3.17748108472895     
        1365   3.08909922343459     
        1366   3.07936812980666     
        1367   3.20257088051113     
        1368   3.38276465378794     
        1369   3.49750073414174     
        1370   3.52437048133770     
        1371   3.96910902989372     
        1372   4.26356705466124     
        1373   4.38218266109107     
        1374   4.42057995519505     
        1375   4.28474772276280     
        1376   3.91921777649307     
        1377   3.43454520163240     
        1378   3.58360010294300     
        1379   3.66146495748104     
        1380   3.55851626886877     
        1381   3.35677493426232     
        1382   3.53390624323790     
        1383   3.67444759464057     
        1384   3.71293503694607     
        1385   3.56496988306068     
        1386   3.28098329297377     
        1387   3.11811466638304     
        1388   3.24724574908400     
        1389   3.16142037874791     
        1390   3.15857713730855     
        1391   3.32583747059384     
        1392   3.40613107894307     
        1393   3.37481929015360     
        1394   3.36870246334252     
        1395   3.38011811287395     
        1396   3.36006833804616     
        1397   3.37518843737986     
        1398   3.42006192339789     
        1399   3.27990034128004     
        1400   3.07465847865927     
        1401   3.09657863492129     
        1402   3.11083455224515     
        1403   3.25104284526454     
        1404   3.41616075991633     
        1405   3.41080924766952     
        1406   3.45022487330211     
        1407   3.46947476729922     
        1408   3.42236264580249     
        1409   3.46160696291757     
        1410   3.32037535226702     
        1411   3.26008384544832     
        1412   2.24747788014927     
        1413   4.18218585159738     
        1414   4.02319586188317     
        1415   3.73776501913813     
        1416   3.40821253213461     
        1417   3.09955027685595     
        1418   3.28245986896161     
        1419   3.57712284977869     
        1420   3.73413592464473     
        1421   3.74413129329512     
        1422   3.66186345922022     
        1423   3.52271425038552     
        1424   3.45753324652905     
        1425   3.34532207911003     
        1426   3.17322405036534     
        1427   3.00207921546887     
        1428   3.00786700255794     
        1429   3.07204178069956     
        1430   3.18131909059093     
        1431   3.31288441255110     
        1432   3.39203715913982     
        1433   3.47127495779401     
        1434   3.48570146861619     
        1435   3.43625123107290     
        1436   3.60340539330532     
        1437   3.61915829136379     
        1438   3.62955068108832     
        1439   3.60263747017149     
        1440   3.46652842451123     
        1441   3.43380883513350     
        1442   3.58852300712608     
        1443   3.58696443750346     
        1444   3.43965800440012     
        1445   3.51741263901735     
        1446   3.50078000356299     
        1447   3.45639754643341     
        1448   3.49580549530537     
        1449   3.53962022234833     
        1450   3.50219843304460     
        1451   3.51958563692621     
        1452   3.39285051667115     
        1453   3.43481582291150     
        1454   3.49904974058076     
        1455   3.46979874367818     
        1456   3.39478344726524     
        1457   3.48346815790770     
        1458   3.55481526681838     
        1459   3.45205175271520     
        1460   3.21177599206377     
        1461   2.91121316541793     
        1462   3.06633875817469     
        1463   3.26732563794045     
        1464   3.31132649259358     
        1465   3.40470383944027     
        1466   3.46508226407807     
        1467   3.44662584683903     
        1468   3.43718687406681     
        1469   3.41120010964081     
        1470   3.32343035282888     
        1471   3.17435327907654     
        1472   3.22712940956504     
        1473   3.40854264969213     
        1474   3.49654137499678     
        1475   3.50030352807129     
        1476   3.58168838217742     
        1477   3.53074180070261     
        1478   3.26688974180420     
        1479   3.11863879376055     
        1480   3.03984522948708     
        1481   3.10305771208645     
        1482   3.29384567942171     
        1483   3.35901275588276     
        1484   3.35050036673172     
        1485   3.28617457839141     
        1486   3.21847821612508     
        1487   3.26303808508043     
        1488   3.45413168964211     
        1489   3.47286419957054     
        1490   3.37554480181991     
        1491   3.35203890551947     
        1492   3.36359681040818     
        1493   3.23395535064830     
        1494   3.25962884930636     
        1495   3.59864434220802     
        1496   3.79466757745807     
        1497   3.79045990184848     
        1498   3.63991125711377     
        1499   3.36433931732945     
        1500   3.15324739276654     
        1501   3.06784692541777     
        1502   3.01643627477445     
        1503   3.09246483641110     
        1504   3.26540274675104     
        1505   3.31659756108087     
        1506   3.24822863016176     
        1507   3.15489895020656     
        1508   3.09871687500602     
        1509   3.04519773090743     
        1510   3.03841666246811     
        1511   3.34823069016674     
        1512   3.69143680697578     
        1513   3.94567353750411     
        1514   4.05269002972860     
        1515   3.95772821701419     
        1516   3.70329218928761     
        1517   3.37104092875058     
        1518   3.43732323706620     
        1519   3.49278155907255     
        1520   3.39546470479516     
        1521   3.22187863601972     
        1522   3.15504948895656     
        1523   3.13137300018146     
        1524   3.09524041700642     
        1525   3.22284796046313     
        1526   3.31065306728586     
        1527   3.31183548817328     
        1528   3.23139817462375     
        1529   3.28470107325353     
        1530   3.38168840879190     
        1531   3.34036439180574     
        1532   3.18637545791740     
        1533   3.13773596965583     
        1534   3.16027803010548     
        1535   3.17615803998688     
        1536   3.39378773494247     
        1537   3.49412730909785     
        1538   3.48868914908238     
        1539   3.44926957387088     
        1540   3.33344683363494     
        1541   3.28048722631324     
        1542   3.23467456566898     
        1543   3.20842662606166     
        1544   3.19497892025894     
        1545   3.16697381246426     
        1546   3.11989949332619     
        1547   3.15421590534795     
        1548   3.36937066416045     
        1549   3.61467995232524     
        1550   3.72958057333436     
        1551   3.59779200121814     
        1552   3.49892619424787     
        1553   3.63504477366691     
        1554   3.62733674456889     
        1555   3.43472409368538     
        1556   3.33832954011266     
        1557   3.54090155601381     
        1558   3.57531789665433     
        1559   3.47509949012038     
        1560   3.42050676977733     
        1561   3.28326395994383     
        1562   3.18575024789924     
        1563   3.10113215753625     
        1564   3.24723881768155     
        1565   3.31807146812046     
        1566   3.35317803981655     
        1567   3.28101936955713     
        1568   3.11500128167041     
        1569   3.12548559932033     
        1570   3.28770205517809     
        1571   3.59682601385006     
        1572   3.74146173123288     
        1573   3.69785026330853     
        1574   3.51399925591689     
        1575   3.23645102141970     
        1576   3.24717861100038     
        1577   3.30206201061877     
        1578   3.40572581343110     
        1579   3.53741023110737     
        1580   3.46823501324230     
        1581   3.28911813292053     
        1582   3.03862141746777     
        1583   3.33737546677183     
        1584   3.63684970403147     
        1585   3.75856515357691     
        1586   3.76195488889219     
        1587   3.64963331111438     
        1588   3.46668816320149     
        1589   3.37836801410279     
        1590   3.36428459032290     
        1591   3.25071163554025     
        1592   3.29740358899776     
        1593   3.35751872635756     
        1594   3.31469832055330     
        1595   3.18940207506292     
        1596   3.17441907176378     
        1597   3.07290045719125     
        1598   3.36182794005005     
        1599   3.52510603490541     
        1600   3.60915805366833     
        1601   3.54414590413377     
        1602   3.60420892064382     
        1603   3.80352467714912     
        1604   3.79482689235514     
        1605   3.54262029754901     
        1606   3.16141117014255     
        1607   3.18737324628991     
        1608   3.24741036092602     
        1609   3.39921875418549     
        1610   3.47623856331838     
        1611   3.47559636400643     
        1612   3.49751072608903     
        1613   3.46936845440483     
        1614   3.44153199350394     
        1615   3.28736791156449     
        1616   3.25304250838062     
        1617   3.12847364770849     
        1618   3.20204958879436     
        1619   3.34645111889608     
        1620   3.37191658832109     
        1621   3.29154750723144     
        1622   3.35109439266152     
        1623   3.36706905067695     
        1624   3.41216255999619     
        1625   3.40544975411442     
        1626   3.36360838086188     
        1627   3.24232761643466     
        1628   3.08788409181890     
        1629   3.17139009764101     
        1630   3.30474408884103     
        1631   3.40291117715911     
        1632   3.41063814978266     
        1633   3.38739673576963     
        1634   3.35517061465734     
        1635   3.39326331721896     
        1636   3.31616895723809     
        1637   3.25090186127589     
        1638   3.13428786710521     
        1639   3.29045159963129     
        1640   3.44147767094628     
        1641   3.41163936007381     
        1642   3.29161974431959     
        1643   3.21391481875953     
        1644   3.22629169940815     
        1645   3.21685149443559     
        1646   3.05746196120297     
        1647   2.84039156990076     
        1648   3.03675918647843     
        1649   3.22467597655652     
        1650   3.29206092391736     
        1651   3.32383322264062     
        1652   3.53395256200018     
        1653   3.74777927678662     
        1654   3.81471490394265     
        1655   3.75227862203338     
        1656   3.62143256758325     
        1657   3.62766049339241     
        1658   3.83420452693446     
        1659   3.96102603619500     
        1660   3.90409578439625     
        1661   3.80934256532884     
        1662   3.76290705582934     
        1663   3.60329009828687     
        1664   3.31731917642554     
        1665   3.18685331075737     
        1666   3.37662037855500     
        1667   3.35748611282544     
        1668   3.20072220908556     
        1669   3.10844535825689     
        1670   3.14725534929690     
        1671   3.28478828784782     
        1672   3.37735173179979     
        1673   3.33283891935577     
        1674   3.25202882955701     
        1675   3.38819313564244     
        1676   3.42364465782384     
        1677   3.32927034210137     
        1678   3.49732459476253     
        1679   3.60919636400213     
        1680   3.63887064739855     
        1681   3.53736527334982     
        1682   3.35187317025054     
        1683   3.16020965111324     
        1684   3.08089754422295     
        1685   3.28775148918453     
        1686   3.42473762177178     
        1687   3.46700874895822     
        1688   3.45463398763602     
        1689   3.33116311823176     
        1690   3.14902818735009     
        1691   3.08050269723189     
        1692   2.99868943858221     
        1693   3.08336750457704     
        1694   3.14774704305544     
        1695   3.29348364241103     
        1696   3.32085196132811     
        1697   3.20165022766799     
        1698   3.05079234586837     
        1699   2.92638163745205     
        1700   2.85961121004619     
        1701   3.01409011504798     
        1702   3.23589678995002     
        1703   3.39592365089949     
        1704   3.52625361755563     
        1705   3.59893137824428     
        1706   3.53862866373218     
        1707   3.39865670937994     
        1708   3.17989743961235     
        1709   2.93450901661534     
        1710   3.08239391343418     
        1711   3.16698257732830     
        1712   3.21442804963480     
        1713   3.19240681992591     
        1714   3.20590326423821     
        1715   3.28724876735060     
        1716   3.31526665978627     
        1717   3.19841057939202     
        1718   3.08112928497523     
        1719   2.92360179613562     
        1720   3.00864656557551     
        1721   3.11059757288288     
        1722   3.25311923336041     
        1723   3.43780526870074     
        1724   3.46414623742925     
        1725   3.44359511695974     
        1726   3.36679685410568     
        1727   3.11909270937451     
        1728   3.21607973000787     
        1729   3.30900320611009     
        1730   3.37775571915993     
        1731   3.44770267020711     
        1732   3.44816870966967     
        1733   3.32593848946754     
        1734   3.19729697362458     
        1735   3.10308809339794     
        1736   3.21096885553118     
        1737   3.21754671039282     
        1738   3.11057968192423     
        1739   3.15667774829572     
        1740   3.22742452517293     
        1741   3.41798597317542     
        1742   3.53525154171824     
        1743   3.60160851246377     
        1744   3.53379237677425     
        1745   3.57073859730826     
        1746   3.71306319987227     
        1747   3.71997531133852     
        1748   3.56922301887031     
        1749   3.52443699298623     
        1750   3.55208510431958     
        1751   3.57141027524561     
        1752   3.47055216193303     
        1753   3.29105402342696     
        1754   3.29597208046046     
        1755   3.33025784038274     
        1756   3.21737268308685     
        1757   3.08040045781986     
        1758   3.13906474116146     
        1759   3.24193963491341     
        1760   3.26128362116912     
        1761   3.27905179213678     
        1762   3.56590207865638     
        1763   3.73062679056779     
        1764   3.72077802605882     
        1765   3.58374862938525     
        1766   3.29543914553457     
        1767   3.13016006203540     
        1768   3.25527282635242     
        1769   3.34400863850459     
        1770   3.31968354135517     
        1771   3.42554384246372     
        1772   3.43553868178893     
        1773   3.36442673306332     
        1774   3.25683184720873     
        1775   3.22021895648252     
        1776   3.22434863656613     
        1777   3.31250127177035     
        1778   3.40630994299230     
        1779   3.36164406948540     
        1780   3.37502266333262     
        1781   3.43311155125929     
        1782   3.56203917212309     
        1783   3.52770833834488     
        1784   3.29208277472605     
        1785   3.25279983934770     
        1786   3.50496010231349     
        1787   3.66910025659929     
        1788   3.74727228373211     
        1789   3.68234682137367     
        1790   3.56157152754927     
        1791   3.40505137204043     
        1792   2.24747788014927     
        1793   3.18904582999355     
        1794   3.25294678685535     
        1795   3.38315220119733     
        1796   3.43311296693201     
        1797   3.37373209716962     
        1798   3.20841544539798     
        1799   3.02327213906459     
        1800   3.41419057792480     
        1801   3.65352521522991     
        1802   3.76997924868014     
        1803   3.79956191463126     
        1804   3.65692541352147     
        1805   3.34586801952045     
        1806   3.14357189165802     
        1807   3.18275165367271     
        1808   3.21188553509972     
        1809   3.15066494758866     
        1810   3.17194469011672     
        1811   3.23528937388530     
        1812   3.19989151015029     
        1813   3.10198140400660     
        1814   3.18562450084814     
        1815   3.30115131835502     
        1816   3.29566832733779     
        1817   3.31822838909896     
        1818   3.23095096028442     
        1819   3.08308840104654     
        1820   3.10697098558956     
        1821   3.21655605012761     
        1822   3.34524940283674     
        1823   3.66593069861817     
        1824   3.94452249858050     
        1825   4.11300546419240     
        1826   4.12129957394505     
        1827   3.99209117577116     
        1828   3.70949508869282     
        1829   3.37451242777453     
        1830   3.26166231075765     
        1831   3.40055407025443     
        1832   3.38384313737316     
        1833   3.49394935219582     
        1834   3.57420994761431     
        1835   3.48021505548971     
        1836   3.34739774516023     
        1837   3.30262045329483     
        1838   3.34839579092562     
        1839   3.54881313569673     
        1840   3.76284215542734     
        1841   3.79464602540621     
        1842   3.67347620698706     
        1843   3.43886459267858     
        1844   3.23857914880797     
        1845   3.17498637038415     
        1846   3.41980342181057     
        1847   3.66400767033131     
        1848   3.80714470947981     
        1849   3.83067654625522     
        1850   3.75824124441654     
        1851   3.54733715277182     
        1852   3.50328432722975     
        1853   3.42342466475303     
        1854   3.26802129962050     
        1855   3.24783109038597     
        1856   3.50152597308956     
        1857   3.65533391738607     
        1858   3.73143967877605     
        1859   3.63176262843387     
        1860   3.54217014068522     
        1861   3.38501567404900     
        1862   3.50579590880614     
        1863   3.47112306042262     
        1864   3.31233828911757     
        1865   3.42602542240306     
        1866   3.39273904667360     
        1867   3.27449619438940     
        1868   3.40202015635458     
        1869   3.52238317583822     
        1870   3.46154291459020     
        1871   3.29523955749760     
        1872   3.19437998282770     
        1873   3.16276696282993     
        1874   3.32770738465340     
        1875   3.42305302438814     
        1876   3.42340894149278     
        1877   3.31650538170039     
        1878   3.23567677757880     
        1879   3.37523522547309     
        1880   3.65449659491655     
        1881   3.80442072257383     
        1882   3.80233501848209     
        1883   3.69798601904463     
        1884   3.46463308435790     
        1885   3.17275947076131     
        1886   2.89650056588498     
        1887   3.00126214176750     
        1888   3.24638648688605     
        1889   3.48826546095802     
        1890   3.58646825209646     
        1891   3.64037545793668     
        1892   3.56008624951132     
        1893   3.34240620951090     
        1894   3.22541170017880     
        1895   3.27596989626876     
        1896   3.35310062587017     
        1897   3.41228055598396     
        1898   3.33658112320004     
        1899   3.49203141726781     
        1900   3.57781230879869     
        1901   3.62952760235709     
        1902   3.74000220654519     
        1903   3.75982024913161     
        1904   3.70001049575444     
        1905   3.62479998833829     
        1906   3.61588930855217     
        1907   3.69954740906892     
        1908   3.64682910706911     
        1909   3.59358550648461     
        1910   3.48331033057828     
        1911   3.68740183254548     
        1912   3.81744972000075     
        1913   3.82887525055515     
        1914   3.64781231022041     
        1915   3.31430424970630     
        1916   3.15822036646366     
        1917   3.38095098740834     
        1918   3.65766783444522     
        1919   3.74403070487131     
        1920   3.65838019441114     
        1921   3.41766878686166     
        1922   3.26563877323131     
        1923   3.55915053233937     
        1924   3.72372662160631     
        1925   3.70046426382698     
        1926   3.43663635656911     
        1927   3.31304531756603     
        1928   3.18179614402918     
        1929   3.16205737828520     
        1930   3.18003023029743     
        1931   3.17368484798298     
        1932   3.24895482940913     
        1933   3.30593604118971     
        1934   3.23060299790570     
        1935   3.31085299384284     
        1936   3.28902204964534     
        1937   3.16231045716325     
        1938   3.29722082508847     
        1939   3.29791512353647     
        1940   3.22663815798373     
        1941   3.10272288718413     
        1942   3.16604591825182     
        1943   3.35784592439046     
        1944   3.39998887075646     
        1945   3.34298570030291     
        1946   3.32079663651992     
        1947   3.30784560660671     
        1948   3.20003341090571     
        1949   3.14493161670116     
        1950   3.33260922970239     
        1951   3.49982560711269     
        1952   3.65746158049431     
        1953   3.68845066983653     
        1954   3.63204857906941     
        1955   3.76372900615405     
        1956   3.74440254798471     
        1957   3.61326673799721     
        1958   3.32419707920234     
        1959   3.35773244024950     
        1960   3.47208024212957     
        1961   3.57863635322873     
        1962   3.51240309561147     
        1963   3.37248240709824     
        1964   3.22000068702777     
        1965   3.07213100312539     
        1966   3.17272237204826     
        1967   3.31111541674341     
        1968   3.39408843373391     
        1969   3.50922907515910     
        1970   3.67521824206485     
        1971   3.65191605082524     
        1972   3.44044610664911     
        1973   3.09742270068791     
        1974   3.08144743504117     
        1975   3.04448954534869     
        1976   3.17383797975910     
        1977   3.17768672437628     
        1978   3.10250663291564     
        1979   3.26245787397095     
        1980   3.57772900983434     
        1981   3.78583900029758     
        1982   3.71131976184963     
        1983   3.39523343828335     
        1984   3.21112484948542     
        1985   3.17375126119306     
        1986   3.17285422536565     
        1987   3.29033209793471     
        1988   3.35215173376440     
        1989   3.28316243106138     
        1990   3.27351078756241     
        1991   3.26858324996360     
        1992   3.59753333555842     
        1993   3.81690251271177     
        1994   3.75487811581008     
        1995   3.84190221533011     
        1996   3.72272686891793     
        1997   3.33454009014466     
        1998   3.16914599540381     
        1999   3.35372104050128     
        2000   3.47384408403290     
        2001   3.50576865547311     
        2002   3.46144754834674     
        2003   3.37134826172619     
        2004   3.23072817088123     
        2005   3.28077389277230     
        2006   3.29727635705556     
        2007   3.28325148594428     
        2008   3.19559040504279     
        2009   3.02542152541392     
        2010   3.24710557166219     
        2011   3.42930912205887     
        2012   3.52823780545906     
        2013   3.54483203735986     
        2014   3.44552169274878     
        2015   3.30071664478758     
        2016   3.41543601147003     
        2017   3.40929265244360     
        2018   3.39904287349468     
        2019   3.47323043694032     
        2020   3.41919440163238     
        2021   3.30486300976971     
        2022   3.26090697439383     
        2023   3.36088430436041     
        2024   3.46590680925740     
        2025   3.70030300731151     
        2026   3.86140734357901     
        2027   3.85828742106560     
        2028   3.64871901330494     
        2029   3.41731605187737     
        2030   3.38860435860491     
        2031   3.22962133071684     
        2032   3.10199073555705     
        2033   3.08651051946567     
        2034   3.01581046155692     
        2035   3.20641326195807     
        2036   3.34108390062542     
        2037   3.40450799587834     
        2038   3.37872753248646     
        2039   3.24523209035457     
        2040   3.27166616339595     
        2041   3.29863170854468     
        2042   3.19233990281801     
        2043   3.04856440900971     
        2044   3.11805333564682     
        2045   3.19979414704001     
        2046   3.24031750144639     
        2047   3.17557235061273     
        2048   3.16708312925546     
        2049   3.24374954047025     
        2050   3.25332579397063     
        2051   3.24691634069350     
        2052   3.19351205084437     
        2053   3.05415842211861     
        2054   3.20472127691286     
        2055   3.22844366569276     
        2056   3.10663594292910     
        2057   3.34978982474407     
        2058   3.54985469553782     
        2059   3.58941830131256     
        2060   3.50641857956228     
        2061   3.46280181796320     
        2062   3.30365013743215     
        2063   3.27237045373542     
        2064   3.27661983268796     
        2065   3.20540858845545     
        2066   3.20372831038408     
        2067   3.31678218392432     
        2068   3.37020023949706     
        2069   3.38807174584811     
        2070   3.35624081640210     
        2071   3.15553208219719     
        2072   3.16078195443472     
        2073   3.27137478503741     
        2074   3.24838073638610     
        2075   3.21309934097746     
        2076   3.19636762863794     
        2077   3.38420428044919     
        2078   3.69934409186448     
        2079   3.91431454821112     
        2080   3.96953669532919     
        2081   3.84657408852948     
        2082   3.61494425362046     
        2083   3.32578393151591     
        2084   3.54405279356160     
        2085   3.58823869960092     
        2086   3.47353796610621     
        2087   3.39581230762649     
        2088   3.26690344432958     
        2089   3.47825218763128     
        2090   3.57650975957791     
        2091   3.50207142209015     
        2092   3.27792207904560     
        2093   3.16269910887303     
        2094   3.26645937920836     
        2095   3.30515464169432     
        2096   3.25954209705740     
        2097   3.20734587554513     
        2098   3.33181900958240     
        2099   3.41578686077877     
        2100   3.36261712667807     
        2101   3.33589406513815     
        2102   3.36072666325817     
        2103   3.27706075554714     
        2104   3.15197732318557     
        2105   3.14070534684162     
        2106   3.18479342506522     
        2107   3.09041982489729     
        2108   3.19919799140570     
        2109   3.37858110090271     
        2110   3.39578018591439     
        2111   3.34814569357511     
        2112   3.48888034679914     
        2113   3.60712300009367     
        2114   3.63179855523175     
        2115   3.50639165905410     
        2116   3.74944683795024     
        2117   3.79478242542103     
        2118   3.58798737357167     
        2119   3.23128312370643     
        2120   3.23597338474613     
        2121   3.22573514157193     
        2122   3.21759508164229     
        2123   3.24970765672093     
        2124   3.28421438690099     
        2125   3.20259388802431     
        2126   3.33538749443737     
        2127   3.47455888951913     
        2128   3.50793833990414     
        2129   3.47196753304882     
        2130   3.37572933105223     
        2131   3.40593747360716     
        2132   3.50570065870764     
        2133   3.40159615489517     
        2134   3.13817753884423     
        2135   3.11307229139186     
        2136   3.08892672634032     
        2137   3.06058965078240     
        2138   3.15826423022124     
        2139   3.34337726242583     
        2140   3.39808709980899     
        2141   3.35504202576000     
        2142   3.25096954987089     
