   1.67807807807808        3.83698436263428     
   1.68248248248248        3.80722997779062     
   1.68688688688689        3.77761131918926     
   1.69129129129129        3.74812809704931     
   1.69569569569570        3.71878002158984     
   1.70010010010010        3.68956680302998     
   1.70450450450450        3.66048815158879     
   1.70890890890891        3.63154377748540     
   1.71331331331331        3.60273339093889     
   1.71771771771772        3.57405670216837     
   1.72212212212212        3.54551342139291     
   1.72652652652653        3.51710325883163     
   1.73093093093093        3.48882592470363     
   1.73533533533534        3.46068112922798     
   1.73973973973974        3.43266858262380     
   1.74414414414414        3.40478799511018     
   1.74854854854855        3.37703907690621     
   1.75295295295295        3.34942153823100     
   1.75735735735736        3.32193508930364     
   1.76176176176176        3.29457944034322     
   1.76616616616617        3.26735430156884     
   1.77057057057057        3.24025938319961     
   1.77497497497498        3.21329439545461     
   1.77937937937938        3.18645904855294     
   1.78378378378378        3.15975305271370     
   1.78818818818819        3.13317611815600     
   1.79259259259259        3.10672795509890     
   1.79699699699700        3.08040827376154     
   1.80140140140140        3.05421678436299     
   1.80580580580581        3.02815319712234     
   1.81021021021021        3.00221722225871     
   1.81461461461461        2.97640856999118     
   1.81901901901902        2.95072695053886     
   1.82342342342342        2.92517207412083     
   1.82782782782783        2.89974365095620     
   1.83223223223223        2.87444139126407     
   1.83663663663664        2.84926500526352     
   1.84104104104104        2.82421420317365     
   1.84544544544545        2.79928869521357     
   1.84984984984985        2.77448819160237     
   1.85425425425425        2.74981240255915     
   1.85865865865866        2.72526103830299     
   1.86306306306306        2.70083380905301     
   1.86746746746747        2.67653042502829     
   1.87187187187187        2.65235059644793     
   1.87627627627628        2.62829403353103     
   1.88068068068068        2.60436044649669     
   1.88508508508509        2.58054954556400     
   1.88948948948949        2.55686104095205     
   1.89389389389389        2.53329464287996     
   1.89829829829830        2.50985006156680     
   1.90270270270270        2.48652700723168     
   1.90710710710711        2.46332519009370     
   1.91151151151151        2.44024432037195     
   1.91591591591592        2.41728410828552     
   1.92032032032032        2.39444426405353     
   1.92472472472473        2.37172449789505     
   1.92912912912913        2.34912452002919     
   1.93353353353353        2.32664404067505     
   1.93793793793794        2.30428277005172     
   1.94234234234234        2.28204041837829     
   1.94674674674675        2.25991669587388     
   1.95115115115115        2.23791131275756     
   1.95555555555556        2.21602397924844     
   1.95995995995996        2.19425440556562     
   1.96436436436436        2.17260230192819     
   1.96876876876877        2.15106737855525     
   1.97317317317317        2.12964934566588     
   1.97757757757758        2.10834791347921     
   1.98198198198198        2.08716279221431     
   1.98638638638639        2.06609369209028     
   1.99079079079079        2.04514032332623     
   1.99519519519520        2.02430239614124     
   1.99959959959960        2.00357962075442     
   2.00400400400400        1.98297170738486     
   2.00840840840841        1.96247836625166     
   2.01281281281281        1.94209930757391     
   2.01721721721722        1.92183424157071     
   2.02162162162162        1.90168287846116     
   2.02602602602603        1.88164492846436     
   2.03043043043043        1.86172010179939     
   2.03483483483484        1.84190810868536     
   2.03923923923924        1.82220865934137     
   2.04364364364364        1.80262146398651     
   2.04804804804805        1.78314623283988     
   2.05245245245245        1.76378267612056     
   2.05685685685686        1.74453050404768     
   2.06126126126126        1.72538942684031     
   2.06566566566567        1.70635915471755     
   2.07007007007007        1.68743939789850     
   2.07447447447447        1.66862986660226     
   2.07887887887888        1.64993027104793     
   2.08328328328328        1.63134032145459     
   2.08768768768769        1.61285972804135     
   2.09209209209209        1.59448820102731     
   2.09649649649650        1.57622545063156     
   2.10090090090090        1.55807118707319     
   2.10530530530531        1.54002512057131     
   2.10970970970971        1.52208696134501     
   2.11411411411411        1.50425641961338     
   2.11851851851852        1.48653320559553     
   2.12292292292292        1.46891702951055     
   2.12732732732733        1.45140760157754     
   2.13173173173173        1.43400463201559     
   2.13613613613614        1.41670783104380     
   2.14054054054054        1.39951690888127     
   2.14494494494495        1.38243157574709     
   2.14934934934935        1.36545154186036     
   2.15375375375375        1.34857651744017     
   2.15815815815816        1.33180621270564     
   2.16256256256256        1.31514033787584     
   2.16696696696697        1.29857860316987     
   2.17137137137137        1.28212071880685     
   2.17577577577578        1.26576639500585     
   2.18018018018018        1.24951534198598     
   2.18458458458458        1.23336726996633     
   2.18898898898899        1.21732188916600     
   2.19339339339339        1.20137890980409     
   2.19779779779780        1.18553804209969     
   2.20220220220220        1.16979899627190     
   2.20660660660661        1.15416148253983     
   2.21101101101101        1.13862521112254     
   2.21541541541542        1.12318989223916     
   2.21981981981982        1.10785523610878     
   2.22422422422422        1.09262095295049     
   2.22862862862863        1.07748675298339     
   2.23303303303303        1.06245234642658     
   2.23743743743744        1.04751744349915     
   2.24184184184184        1.03268175442019     
   2.24624624624625        1.01794498940882     
   2.25065065065065        1.00330685868411     
   2.25505505505506       0.988767072465182     
   2.25945945945946       0.974325340971115     
   2.26386386386386       0.959981374421011     
   2.26826826826827       0.945734883033969     
   2.27267267267267       0.931585577029079     
   2.27707707707708       0.917533166625445     
   2.28148148148148       0.903577362042160     
   2.28588588588589       0.889717873498316     
   2.29029029029029       0.875954411213021     
   2.29469469469469       0.862286685405362     
   2.29909909909910       0.848714406294441     
   2.30350350350350       0.835237284099350     
   2.30790790790791       0.821855029039188     
   2.31231231231231       0.808567351333055     
   2.31671671671672       0.795373961200042     
   2.32112112112112       0.782274568859249     
   2.32552552552553       0.769268884529769     
   2.32992992992993       0.756356618430701     
   2.33433433433433       0.743537480781146     
   2.33873873873874       0.730811181800195     
   2.34314314314314       0.718177431706945     
   2.34754754754755       0.705635940720496     
   2.35195195195195       0.693186419059941     
   2.35635635635636       0.680828576944378     
   2.36076076076076       0.668562124592905     
   2.36516516516517       0.656386772224620     
   2.36956956956957       0.644302230058612     
   2.37397397397397       0.632308208313985     
   2.37837837837838       0.620404417209834     
   2.38278278278278       0.608590566965256     
   2.38718718718719       0.596866367799343     
   2.39159159159159       0.585231529931198     
   2.39599599599600       0.573685763579913     
   2.40040040040040       0.562228778964590     
   2.40480480480480       0.550860286304319     
   2.40920920920921       0.539579995818201     
   2.41361361361361       0.528387617725331     
   2.41801801801802       0.517282862244805     
   2.42242242242242       0.506265439595722     
   2.42682682682683       0.495335059997178     
   2.43123123123123       0.484491433668270     
   2.43563563563564       0.473734270828089     
   2.44004004004004       0.463063281695742     
   2.44444444444444       0.452478176490317     
   2.44884884884885       0.441978665430915     
   2.45325325325325       0.431564458736628     
   2.45765765765766       0.421235266626557     
   2.46206206206206       0.410990799319799     
   2.46646646646647       0.400830767035449     
   2.47087087087087       0.390754879992603     
   2.47527527527528       0.380762848410359     
   2.47967967967968       0.370854382507813     
   2.48408408408408       0.361029192504059     
   2.48848848848849       0.351286988618200     
   2.49289289289289       0.341627481069327     
   2.49729729729730       0.332050380076541     
   2.50170170170170       0.322555395858933     
   2.50610610610611       0.313142238635605     
   2.51051051051051       0.303810618625652     
   2.51491491491492       0.294560246048166     
   2.51931931931932       0.285390831122253     
   2.52372372372372       0.276302084067000     
   2.52812812812813       0.267293715101510     
   2.53253253253253       0.258365434444879     
   2.53693693693694       0.249516952316200     
   2.54134134134134       0.240747978934575     
   2.54574574574575       0.232058224519094     
   2.55015015015015       0.223447399288859     
   2.55455455455455       0.214915213462964     
   2.55895895895896       0.206461377260507     
   2.56336336336336       0.198085600900584     
   2.56776776776777       0.189787594602294     
   2.57217217217217       0.181567068584729     
   2.57657657657658       0.173423733066988     
   2.58098098098098       0.165357298268169     
   2.58538538538539       0.157367474407367     
   2.58978978978979       0.149453971703678     
   2.59419419419419       0.141616500376202     
   2.59859859859860       0.133854770644031     
   2.60300300300300       0.126168492726265     
   2.60740740740741       0.118557376841997     
   2.61181181181181       0.111021133210329     
   2.61621621621622       0.103559472050354     
   2.62062062062062       9.617210358117045E-002
   2.62502502502503       8.885873802187305E-002
   2.62942942942943       8.161908559155684E-002
   2.63383383383383       7.445285650932387E-002
   2.63823823823824       6.735976099426733E-002
   2.64264264264264       6.033950926548570E-002
   2.64704704704705       5.339181154207218E-002
   2.65145145145145       4.651637804312703E-002
   2.65585585585586       3.971291898774254E-002
   2.66026026026026       3.298114459502166E-002
   2.66466466466466       2.632076508405667E-002
   2.66906906906907       1.973149067394520E-002
   2.67347347347347       1.321303158378306E-002
   2.67787787787788       6.765098032669670E-003
   2.68228228228228       3.874002396955234E-004
   2.68668668668669      -5.920351576033767E-003
   2.69109109109109      -1.215844719542858E-002
   2.69549549549550      -1.832717639939041E-002
   2.69989989989990      -2.442682896882342E-002
   2.70430430430430      -3.045769468462822E-002
   2.70870870870871      -3.642006332770897E-002
   2.71311311311311      -4.231422467897161E-002
   2.71751751751752      -4.814046851931764E-002
   2.72192192192192      -5.389908462964943E-002
   2.72632632632633      -5.959036279087204E-002
   2.73073073073073      -6.521459278388875E-002
   2.73513513513514      -7.077206438960282E-002
   2.73953953953954      -7.626306738891575E-002
   2.74394394394394      -8.168789156273437E-002
   2.74834834834835      -8.704682669195929E-002
   2.75275275275275      -9.234016255749378E-002
   2.75715715715716      -9.756818894024200E-002
   2.76156156156156      -0.102731195621107     
   2.76596596596597      -0.107829472380994     
   2.77037037037037      -0.112863309000804     
   2.77477477477477      -0.117832995261443     
   2.77917917917918      -0.122738820943810     
   2.78358358358358      -0.127581075828813     
   2.78798798798799      -0.132360049697351     
   2.79239239239239      -0.137076032330333     
   2.79679679679680      -0.141729313508656     
   2.80120120120120      -0.146320183013228     
   2.80560560560561      -0.150848930624950     
   2.81001001001001      -0.155315846124727     
   2.81441441441441      -0.159721219293461     
   2.81881881881882      -0.164065339912056     
   2.82322322322322      -0.168348497761415     
   2.82762762762763      -0.172570982622442     
   2.83203203203203      -0.176733084276040     
   2.83643643643644      -0.180835092503111     
   2.84084084084084      -0.184877297084562     
   2.84524524524525      -0.188859987801292     
   2.84964964964965      -0.192783454434207     
   2.85405405405405      -0.196647986764209     
   2.85845845845846      -0.200453874572204     
   2.86286286286286      -0.204201407639091     
   2.86726726726727      -0.207890875745778     
   2.87167167167167      -0.211522568673166     
   2.87607607607608      -0.215096776202158     
   2.88048048048048      -0.218613788113658     
   2.88488488488489      -0.222073894188569     
   2.88928928928929      -0.225477384207796     
   2.89369369369369      -0.228824547952239     
   2.89809809809810      -0.232115675202805     
   2.90250250250250      -0.235351055740395     
   2.90690690690691      -0.238530979345913     
   2.91131131131131      -0.241655735800263     
   2.91571571571572      -0.244725614884347     
   2.92012012012012      -0.247740906379070     
   2.92452452452453      -0.250701900065334     
   2.92892892892893      -0.253608885724043     
   2.93333333333333      -0.256462153136101     
   2.93773773773774      -0.259261992082410     
   2.94214214214214      -0.262008692343874     
   2.94654654654655      -0.264702543701397     
   2.95095095095095      -0.267343835935881     
   2.95535535535536      -0.269932858828230     
   2.95975975975976      -0.272469902159348     
   2.96416416416416      -0.274955255710137     
   2.96856856856857      -0.277389209261502     
   2.97297297297297      -0.279772052594346     
   2.97737737737738      -0.282104075489571     
   2.98178178178178      -0.284385567728080     
   2.98618618618619      -0.286616819090780     
   2.99059059059059      -0.288798119358571     
   2.99499499499500      -0.290929758312358     
   2.99939939939940      -0.293012025733043     
   3.00380380380380      -0.295045211401531     
   3.00820820820821      -0.297029605098723     
   3.01261261261261      -0.298965496605525     
   3.01701701701702      -0.300853175702839     
   3.02142142142142      -0.302692932171567     
   3.02582582582583      -0.304485055792616     
   3.03023023023023      -0.306229836346886     
   3.03463463463464      -0.307927563615282     
   3.03903903903904      -0.309578527378707     
   3.04344344344344      -0.311183017418065     
   3.04784784784785      -0.312741323514258     
   3.05225225225225      -0.314253735448189     
   3.05665665665666      -0.315720543000764     
   3.06106106106106      -0.317142035952884     
   3.06546546546547      -0.318518504085453     
   3.06986986986987      -0.319850237179375     
   3.07427427427427      -0.321137525015553     
   3.07867867867868      -0.322380657374890     
   3.08308308308308      -0.323579924038290     
   3.08748748748749      -0.324735614786655     
   3.09189189189189      -0.325848019400890     
   3.09629629629630      -0.326917427661897     
   3.10070070070070      -0.327944129350581     
   3.10510510510511      -0.328928414247844     
   3.10950950950951      -0.329870572134590     
   3.11391391391391      -0.330770892791722     
   3.11831831831832      -0.331629666000143     
   3.12272272272272      -0.332447181540757     
   3.12712712712713      -0.333223729194468     
   3.13153153153153      -0.333959598742178     
   3.13593593593594      -0.334655079964791     
   3.14034034034034      -0.335310462643210     
   3.14474474474475      -0.335926036558340     
   3.14914914914915      -0.336502091491082     
   3.15355355355355      -0.337038917222340     
   3.15795795795796      -0.337536803533018     
   3.16236236236236      -0.337996040204020     
   3.16676676676677      -0.338416917016247     
   3.17117117117117      -0.338799723750605     
   3.17557557557558      -0.339144750187996     
   3.17997997997998      -0.339452286109323     
   3.18438438438438      -0.339722621295491     
   3.18878878878879      -0.339956045527401     
   3.19319319319319      -0.340152848585958     
   3.19759759759760      -0.340313320252066     
   3.20200200200200      -0.340437750306627     
   3.20640640640641      -0.340526428530544     
   3.21081081081081      -0.340579644704722     
   3.21521521521522      -0.340597688610063     
   3.21961961961962      -0.340580850027471     
   3.22402402402402      -0.340529418737849     
   3.22842842842843      -0.340443684522100     
   3.23283283283283      -0.340323937161129     
   3.23723723723724      -0.340170466435837     
   3.24164164164164      -0.339983562127130     
   3.24604604604605      -0.339763514015909     
   3.25045045045045      -0.339510611883079     
   3.25485485485486      -0.339225145509543     
   3.25925925925926      -0.338907404676203     
   3.26366366366366      -0.338557679163964     
   3.26806806806807      -0.338176258753729     
   3.27247247247247      -0.337763433226401     
   3.27687687687688      -0.337319492362883     
   3.28128128128128      -0.336844725944080     
   3.28568568568569      -0.336339423750894     
   3.29009009009009      -0.335803875564228     
   3.29449449449449      -0.335238371164986     
   3.29889889889890      -0.334643200334072     
   3.30330330330330      -0.334018652852389     
   3.30770770770771      -0.333365018500839     
   3.31211211211211      -0.332682587060327     
   3.31651651651652      -0.331971648311756     
   3.32092092092092      -0.331232492036028     
   3.32532532532533      -0.330465408014049     
   3.32972972972973      -0.329670686026720     
   3.33413413413413      -0.328848615854946     
   3.33853853853854      -0.327999487279629     
   3.34294294294294      -0.327123590081673     
   3.34734734734735      -0.326221214041981     
   3.35175175175175      -0.325292648941458     
   3.35615615615616      -0.324338184561005     
   3.36056056056056      -0.323358110681527     
   3.36496496496497      -0.322352717083926     
   3.36936936936937      -0.321322293549106     
   3.37377377377377      -0.320267129857971     
   3.37817817817818      -0.319187515791424     
   3.38258258258258      -0.318083741130369     
   3.38698698698699      -0.316956095655707     
   3.39139139139139      -0.315804869148344     
   3.39579579579580      -0.314630351389182     
   3.40020020020020      -0.313432832159125     
   3.40460460460461      -0.312212601239075     
   3.40900900900901      -0.310969948409938     
   3.41341341341341      -0.309705163452614     
   3.41781781781782      -0.308418536148010     
   3.42222222222222      -0.307110356277026     
   3.42662662662663      -0.305780913620567     
   3.43103103103103      -0.304430497959537     
   3.43543543543544      -0.303059399074838     
   3.43983983983984      -0.301667906747374     
   3.44424424424424      -0.300256310758049     
   3.44864864864865      -0.298824900887765     
   3.45305305305305      -0.297373966917426     
   3.45745745745746      -0.295903798627935     
   3.46186186186186      -0.294414685800197     
   3.46626626626627      -0.292906918215113     
   3.47067067067067      -0.291380785653588     
   3.47507507507508      -0.289836577896525     
   3.47947947947948      -0.288274584724826     
   3.48388388388388      -0.286695095919397     
   3.48828828828829      -0.285098401261140     
   3.49269269269269      -0.283484790530957     
   3.49709709709710      -0.281854553509753     
   3.50150150150150      -0.280207979978432     
   3.50590590590591      -0.278545359717896     
   3.51031031031031      -0.276866982509048     
   3.51471471471472      -0.275173138132792     
   3.51911911911912      -0.273464116370033     
   3.52352352352352      -0.271740207001671     
   3.52792792792793      -0.270001699808613     
   3.53233233233233      -0.268248884571759     
   3.53673673673674      -0.266482051072014     
   3.54114114114114      -0.264701489090282     
   3.54554554554555      -0.262907488407466     
   3.54994994994995      -0.261100338804468     
   3.55435435435435      -0.259280330062193     
   3.55875875875876      -0.257447751961543     
   3.56316316316316      -0.255602894283423     
   3.56756756756757      -0.253746046808735     
   3.57197197197197      -0.251877499318382     
   3.57637637637638      -0.249997541593270     
   3.58078078078078      -0.248106463414299     
   3.58518518518519      -0.246204554562374     
   3.58958958958959      -0.244292104818399     
   3.59399399399399      -0.242369403963276     
   3.59839839839840      -0.240436741777910     
   3.60280280280280      -0.238494408043202     
   3.60720720720721      -0.236542692540057     
   3.61161161161161      -0.234581885049379     
   3.61601601601602      -0.232612275352070     
   3.62042042042042      -0.230634153229033     
   3.62482482482483      -0.228647808461173     
   3.62922922922923      -0.226653530829392     
   3.63363363363363      -0.224651610114594     
   3.63803803803804      -0.222642336097683     
   3.64244244244244      -0.220625998559561     
   3.64684684684685      -0.218602887281132     
   3.65125125125125      -0.216573292043299     
   3.65565565565566      -0.214537502626966     
   3.66006006006006      -0.212495808813036     
   3.66446446446446      -0.210448500382413     
   3.66886886886887      -0.208395867115999     
   3.67327327327327      -0.206338198794698     
   3.67767767767768      -0.204275785199414     
   3.68208208208208      -0.202208916111050     
   3.68648648648649      -0.200137881310509     
   3.69089089089089      -0.198062970578694     
   3.69529529529530      -0.195984473696510     
   3.69969969969970      -0.193902680444859     
   3.70410410410410      -0.191817880604644     
   3.70850850850851      -0.189730363956770     
   3.71291291291291      -0.187640420282139     
   3.71731731731732      -0.185548339361654     
   3.72172172172172      -0.183454410976220     
   3.72612612612613      -0.181358924906740     
   3.73053053053053      -0.179262170934116     
   3.73493493493494      -0.177164438839252     
   3.73933933933934      -0.175066018403052     
   3.74374374374374      -0.172967199406419     
   3.74814814814815      -0.170868271630256     
   3.75255255255255      -0.168769524855467     
   3.75695695695696      -0.166671248862955     
   3.76136136136136      -0.164573733433623     
   3.76576576576577      -0.162477268348375     
   3.77017017017017      -0.160382143388114     
   3.77457457457457      -0.158288648333744     
   3.77897897897898      -0.156197072966167     
   3.78338338338338      -0.154107707066288     
   3.78778778778779      -0.152020840415009     
   3.79219219219219      -0.149936762793234     
   3.79659659659660      -0.147855763981867     
   3.80100100100100      -0.145778133761810     
   3.80540540540541      -0.143704161913967     
   3.80980980980981      -0.141634138219241     
   3.81421421421421      -0.139568352458536     
   3.81861861861862      -0.137507094412755     
   3.82302302302302      -0.135450653862802     
   3.82742742742743      -0.133399320589580     
   3.83183183183183      -0.131353384373991     
   3.83623623623624      -0.129313134996941     
   3.84064064064064      -0.127278862239331     
   3.84504504504505      -0.125250855882065     
   3.84944944944945      -0.123229405706047     
   3.85385385385385      -0.121214801492180     
   3.85825825825826      -0.119207333021368     
   3.86266266266266      -0.117207290074513     
   3.86706706706707      -0.115214962432519     
   3.87147147147147      -0.113230639876289     
   3.87587587587588      -0.111254612186728     
   3.88028028028028      -0.109287169144738     
   3.88468468468468      -0.107328600531222     
   3.88908908908909      -0.105379196127084     
   3.89349349349349      -0.103439245713227     
   3.89789789789790      -0.101509039070555     
   3.90230230230230      -9.958886597997063E-002
   3.90670670670671      -9.767901622237785E-002
   3.91111111111111      -9.577977957867960E-002
   3.91551551551552      -9.389144582977962E-002
   3.91991991991992      -9.201430475658090E-002
   3.92432432432432      -9.014864613998734E-002
   3.92872872872873      -8.829475976090154E-002
   3.93313313313313      -8.645293540022726E-002
   3.93753753753754      -8.462346283886803E-002
   3.94194194194194      -8.280663185772687E-002
   3.94634634634635      -8.100273223770749E-002
   3.95075075075075      -7.921205375971303E-002
   3.95515515515516      -7.743488620464695E-002
   3.95955955955956      -7.567151935341235E-002
   3.96396396396396      -7.392224298691299E-002
   3.96836836836837      -7.218734688605184E-002
   3.97277277277277      -7.046712083173283E-002
   3.97717717717718      -6.876185460485862E-002
   3.98158158158158      -6.707183798633308E-002
   3.98598598598599      -6.539736075705919E-002
   3.99039039039039      -6.373871269794075E-002
   3.99479479479480      -6.209618358988084E-002
   3.99919919919920      -6.047006321378291E-002
   4.00360360360360      -5.886064135055027E-002
   4.00800800800801      -5.726820778108600E-002
   4.01241241241241      -5.569305228629407E-002
   4.01681681681682      -5.413546464707755E-002
   4.02122122122122      -5.259573464433977E-002
   4.02562562562563      -5.107415205898412E-002
   4.03003003003003      -4.957100667191364E-002
   4.03443443443444      -4.808658826403232E-002
   4.03883883883884      -4.662118661624320E-002
   4.04324324324324      -4.517509150944965E-002
   4.04764764764765      -4.374859272455502E-002
   4.05205205205205      -4.234198004246269E-002
   4.05645645645646      -4.095554324407574E-002
   4.06086086086086      -3.958957211029836E-002
   4.06526526526527      -3.824435642203282E-002
   4.06966966966967      -3.692018596018328E-002
   4.07407407407407      -3.561735050565286E-002
   4.07847847847848      -3.433613983934489E-002
   4.08288288288288      -3.307684374216276E-002
   4.08728728728729      -3.183975199500982E-002
   4.09169169169169      -3.062515437878918E-002
   4.09609609609610      -2.943334067440471E-002
   4.10050050050050      -2.826460066275952E-002
   4.10490490490491      -2.711922412475697E-002
   4.10930930930931      -2.599750084130019E-002
   4.11371371371371      -2.489972059329323E-002
   4.11811811811812      -2.382617316163876E-002
   4.12252252252252      -2.277714832724018E-002
   4.12692692692693      -2.175293587100126E-002
   4.13133133133133      -2.075382557382496E-002
   4.13573573573574      -1.978010721661523E-002
   4.14014014014014      -1.883207058027483E-002
   4.14454454454455      -1.791000544570715E-002
   4.14894894894895      -1.701420159381593E-002
   4.15335335335335      -1.614494880550432E-002
   4.15775775775776      -1.530253686167570E-002
   4.16216216216216      -1.448725554323344E-002
   4.16656656656657      -1.369939463108072E-002
   4.17097097097097      -1.293924390612139E-002
   4.17537537537538      -1.220709262831304E-002
   4.17977977977978      -1.150301602354398E-002
   4.18418418418418      -1.082654665723143E-002
   4.18858858858859      -1.017713238460625E-002
   4.19299299299299      -9.554221060899315E-003
   4.19739739739740      -8.957260541341374E-003
   4.20180180180180      -8.385698681163541E-003
   4.20620620620621      -7.838983335596668E-003
   4.21061061061061      -7.316562359871303E-003
   4.21501501501502      -6.817883609218639E-003
   4.21941941941942      -6.342394938869345E-003
   4.22382382382382      -5.889544204054483E-003
   4.22822822822823      -5.458779260004908E-003
   4.23263263263263      -5.049547961951237E-003
   4.23703703703704      -4.661298165124593E-003
   4.24144144144144      -4.293477724755689E-003
   4.24584584584585      -3.945534496075613E-003
   4.25025025025025      -3.616916334315017E-003
   4.25465465465466      -3.307071094704783E-003
   4.25905905905906      -3.015446632475907E-003
   4.26346346346346      -2.741490802859192E-003
   4.26786786786787      -2.484651461085511E-003
   4.27227227227227      -2.244376462385730E-003
   4.27667667667668      -2.020113661990679E-003
   4.28108108108108      -1.811310915131357E-003
   4.28548548548549      -1.617416077038466E-003
   4.28988988988989      -1.437877002942998E-003
   4.29429429429429      -1.272141548075781E-003
   4.29869869869870      -1.119657567667686E-003
   4.30310310310310      -9.798729169495834E-004
   4.30750750750751      -8.522354511523179E-004
   4.31191191191191      -7.361930255068104E-004
   4.31631631631632      -6.311934952439046E-004
   4.32072072072072      -5.366847155944701E-004
   4.32512512512513      -4.521145417893772E-004
   4.32952952952953      -3.769308290594813E-004
   4.33393393393393      -3.105814326356825E-004
   4.33833833833834      -2.525142077488458E-004
   4.34274274274274      -2.021770096298083E-004
   4.34714714714715      -1.590176935094727E-004
   4.35155155155155      -1.224841146186912E-004
   4.35595595595596      -9.202412818835408E-005
   4.36036036036036      -6.708558944931103E-005
   4.36476476476477      -4.711635363243516E-005
   4.36916916916917      -3.156427596860436E-005
   4.37357357357357      -1.987721168868408E-005
   4.37797797797798      -1.150301602354426E-005
   4.38238238238238      -5.889544204054839E-006
   4.38678678678679      -2.484651461085259E-006
   4.39119119119119      -7.361930255069663E-007
   4.39559559559560      -9.202412818834296E-008
 
   4.40000000000000       0.000000000000000E+000
   4.40000000000000        3.32748312907578     
 
   4.17469338691883       0.000000000000000E+000
   4.17469338691883        3.32748312907578     
