   1.67807807807808        1.11490161499731     
   1.68248248248248        1.08739805478800     
   1.68688688688689        1.06012597567357     
   1.69129129129129        1.03308456657200     
   1.69569569569570        1.00627301640105     
   1.70010010010010       0.979690514078555     
   1.70450450450450       0.953336248522419     
   1.70890890890891       0.927209408650356     
   1.71331331331331       0.901309183380306     
   1.71771771771772       0.875634761630096     
   1.72212212212212       0.850185332317523     
   1.72652652652653       0.824960084360413     
   1.73093093093093       0.799958206676649     
   1.73533533533534       0.775178888184058     
   1.73973973973974       0.750621317800437     
   1.74414414414414       0.726284684443669     
   1.74854854854855       0.702168177031581     
   1.75295295295295       0.678270984481941     
   1.75735735735736       0.654592295712689     
   1.76176176176176       0.631131299641623     
   1.76616616616617       0.607887185186542     
   1.77057057057057       0.584859141265355     
   1.77497497497498       0.562046356795832     
   1.77937937937938       0.539448020695815     
   1.78378378378378       0.517063321883171     
   1.78818818818819       0.494891449275741     
   1.79259259259259       0.472931591791308     
   1.79699699699700       0.451182938347785     
   1.80140140140140       0.429644677862925     
   1.80580580580581       0.408315999254626     
   1.81021021021021       0.387196091440728     
   1.81461461461461       0.366284143339016     
   1.81901901901902       0.345579343867357     
   1.82342342342342       0.325080881943578     
   1.82782782782783       0.304787946485519     
   1.83223223223223       0.284699726411048     
   1.83663663663664       0.264815410637951     
   1.84104104104104       0.245134188084080     
   1.84544544544545       0.225655247667277     
   1.84984984984985       0.206377778305409     
   1.85425425425425       0.187300968916233     
   1.85865865865866       0.168424008417659     
   1.86306306306306       0.149746085727486     
   1.86746746746747       0.131266389763567     
   1.87187187187187       0.112984109443730     
   1.87627627627628       9.489843368581319E-002
   1.88068068068068       7.700855140765839E-002
   1.88508508508509       5.931365152707713E-002
   1.88948948948949       4.181292296195238E-002
   1.89389389389389       2.450555463008186E-002
   1.89829829829830       7.390735449305907E-003
   1.90270270270270      -9.532345662492503E-003
   1.90710710710711      -2.626449978755829E-002
   1.91151151151151      -4.280653800800849E-002
   1.91591591591592      -5.915927140600274E-002
   1.92032032032032      -7.532351106370072E-002
   1.92472472472473      -9.130006806331892E-002
   1.92912912912913      -0.107089753486946     
   1.93353353353353      -0.122693378416784     
   1.93793793793794      -0.138111753934993     
   1.94234234234234      -0.153345691123761     
   1.94674674674675      -0.168396001065204     
   1.95115115115115      -0.183263494841512     
   1.95555555555556      -0.197948983534872     
   1.95995995995996      -0.212453278227400     
   1.96436436436436      -0.226777190001286     
   1.96876876876877      -0.240921529938689     
   1.97317317317317      -0.254887109121782     
   1.97757757757758      -0.268674738632711     
   1.98198198198198      -0.282285229553651     
   1.98638638638639      -0.295719392966774     
   1.99079079079079      -0.308978039954241     
   1.99519519519520      -0.322061981598182     
   1.99959959959960      -0.334972028980800     
   2.00400400400400      -0.347708993184256     
   2.00840840840841      -0.360273685290693     
   2.01281281281281      -0.372666916382286     
   2.01721721721722      -0.384889497541181     
   2.02162162162162      -0.396942239849579     
   2.02602602602603      -0.408825954389641     
   2.03043043043043      -0.420541452243484     
   2.03483483483484      -0.432089544493309     
   2.03923923923924      -0.443471042221290     
   2.04364364364364      -0.454686756509560     
   2.04804804804805      -0.465737498440291     
   2.05245245245245      -0.476624079095657     
   2.05685685685686      -0.487347309557805     
   2.06126126126126      -0.497908000908936     
   2.06566566566567      -0.508306964231153     
   2.07007007007007      -0.518545010606687     
   2.07447447447447      -0.528622951117669     
   2.07887887887888      -0.538541596846258     
   2.08328328328328      -0.548301758874601     
   2.08768768768769      -0.557904248284913     
   2.09209209209209      -0.567349876159327     
   2.09649649649650      -0.576639453579986     
   2.10090090090090      -0.585773791629094     
   2.10530530530531      -0.594753701388782     
   2.10970970970971      -0.603579993941239     
   2.11411411411411      -0.612253480368594     
   2.11851851851852      -0.620774971753065     
   2.12292292292292      -0.629145279176782     
   2.12732732732733      -0.637365213721907     
   2.13173173173173      -0.645435586470605     
   2.13613613613614      -0.653357208505049     
   2.14054054054054      -0.661130890907394     
   2.14494494494495      -0.668757444759827     
   2.14934934934935      -0.676237681144464     
   2.15375375375375      -0.683572411143516     
   2.15815815815816      -0.690762445839127     
   2.16256256256256      -0.697808596313457     
   2.16696696696697      -0.704711673648674     
   2.17137137137137      -0.711472488926951     
   2.17577577577578      -0.718091853230426     
   2.18018018018018      -0.724570577641288     
   2.18458458458458      -0.730909473241681     
   2.18898898898899      -0.737109351113816     
   2.19339339339339      -0.743171022339780     
   2.19779779779780      -0.749095298001798     
   2.20220220220220      -0.754882989182008     
   2.20660660660661      -0.760534906962576     
   2.21101101101101      -0.766051862425691     
   2.21541541541542      -0.771434666653477     
   2.21981981981982      -0.776684130728121     
   2.22422422422422      -0.781801065731763     
   2.22862862862863      -0.786786282746611     
   2.23303303303303      -0.791640592854790     
   2.23743743743744      -0.796364807138481     
   2.24184184184184      -0.800959736679843     
   2.24624624624625      -0.805426192561036     
   2.25065065065065      -0.809764985864234     
   2.25505505505506      -0.813976927671582     
   2.25945945945946      -0.818062829065269     
   2.26386386386386      -0.822023501127440     
   2.26826826826827      -0.825859754940268     
   2.27267267267267      -0.829572401585914     
   2.27707707707708      -0.833162252146550     
   2.28148148148148      -0.836630117704310     
   2.28588588588589      -0.839976809341401     
   2.29029029029029      -0.843203138139948     
   2.29469469469469      -0.846309915182147     
   2.29909909909910      -0.849297951550128     
   2.30350350350350      -0.852168058326086     
   2.30790790790791      -0.854921046592167     
   2.31231231231231      -0.857557727430546     
   2.31671671671672      -0.860078911923374     
   2.32112112112112      -0.862485411152832     
   2.32552552552553      -0.864778036201052     
   2.32992992992993      -0.866957598150243     
   2.33433433433433      -0.869024908082523     
   2.33873873873874      -0.870980777080085     
   2.34314314314314      -0.872826016225083     
   2.34754754754755      -0.874561436599691     
   2.35195195195195      -0.876187849286055     
   2.35635635635636      -0.877706065366354     
   2.36076076076076      -0.879116895922735     
   2.36516516516517      -0.880421152037385     
   2.36956956956957      -0.881619644792458     
   2.37397397397397      -0.882713185270113     
   2.37837837837838      -0.883702584552516     
   2.38278278278278      -0.884588653721821     
   2.38718718718719      -0.885372203860214     
   2.39159159159159      -0.886054046049836     
   2.39599599599600      -0.886634991372873     
   2.40040040040040      -0.887115850911460     
   2.40480480480480      -0.887497435747790     
   2.40920920920921      -0.887780556964014     
   2.41361361361361      -0.887966025642296     
   2.41801801801802      -0.888054652864792     
   2.42242242242242      -0.888047249713679     
   2.42682682682683      -0.887944627271118     
   2.43123123123123      -0.887747596619267     
   2.43563563563564      -0.887456968840297     
   2.44004004004004      -0.887073555016357     
   2.44444444444444      -0.886598166229632     
   2.44884884884885      -0.886031613562270     
   2.45325325325325      -0.885374708096442     
   2.45765765765766      -0.884628260914315     
   2.46206206206206      -0.883793083098038     
   2.46646646646647      -0.882869985729787     
   2.47087087087087      -0.881859779891727     
   2.47527527527528      -0.880763276666013     
   2.47967967967968      -0.879581287134819     
   2.48408408408408      -0.878314622380298     
   2.48848848848849      -0.876964093484620     
   2.49289289289289      -0.875530511529952     
   2.49729729729730      -0.874014687598450     
   2.50170170170170      -0.872417432772284     
   2.50610610610611      -0.870739558133611     
   2.51051051051051      -0.868981874764600     
   2.51491491491492      -0.867145193747419     
   2.51931931931932      -0.865230326164216     
   2.52372372372372      -0.863238083097173     
   2.52812812812813      -0.861169275628445     
   2.53253253253253      -0.859024714840192     
   2.53693693693694      -0.856805211814592     
   2.54134134134134      -0.854511577633790     
   2.54574574574575      -0.852144623379964     
   2.55015015015015      -0.849705160135269     
   2.55455455455455      -0.847193998981879     
   2.55895895895896      -0.844611951001948     
   2.56336336336336      -0.841959827277638     
   2.56776776776777      -0.839238438891126     
   2.57217217217217      -0.836448596924562     
   2.57657657657658      -0.833591112460113     
   2.58098098098098      -0.830666796579948     
   2.58538538538539      -0.827676460366224     
   2.58978978978979      -0.824620914901121     
   2.59419419419419      -0.821500971266776     
   2.59859859859860      -0.818317440545382     
   2.60300300300300      -0.815071133819075     
   2.60740740740741      -0.811762862170038     
   2.61181181181181      -0.808393436680424     
   2.61621621621622      -0.804963668432404     
   2.62062062062062      -0.801474368508142     
   2.62502502502503      -0.797926347989792     
   2.62942942942943      -0.794320417959527     
   2.63383383383383      -0.790657389499509     
   2.63823823823824      -0.786938073691905     
   2.64264264264264      -0.783163281618874     
   2.64704704704705      -0.779333824362574     
   2.65145145145145      -0.775450513005179     
   2.65585585585586      -0.771514158628845     
   2.66026026026026      -0.767525572315744     
   2.66466466466466      -0.763485565148036     
   2.66906906906907      -0.759394948207882     
   2.67347347347347      -0.755254532577451     
   2.67787787787788      -0.751065129338901     
   2.68228228228228      -0.746827549574398     
   2.68668668668669      -0.742542604366109     
   2.69109109109109      -0.738211104796193     
   2.69549549549550      -0.733833861946820     
   2.69989989989990      -0.729411686900143     
   2.70430430430430      -0.724945390738339     
   2.70870870870871      -0.720435784543563     
   2.71311311311311      -0.715883679397978     
   2.71751751751752      -0.711289886383755     
   2.72192192192192      -0.706655216583048     
   2.72632632632633      -0.701980481078031     
   2.73073073073073      -0.697266490950861     
   2.73513513513514      -0.692514057283704     
   2.73953953953954      -0.687723991158721     
   2.74394394394394      -0.682897103658084     
   2.74834834834835      -0.678034205863948     
   2.75275275275275      -0.673136108858479     
   2.75715715715716      -0.668203623723844     
   2.76156156156156      -0.663237561542202     
   2.76596596596597      -0.658238733395718     
   2.77037037037037      -0.653207950366559     
   2.77477477477477      -0.648146023536887     
   2.77917917917918      -0.643053763988862     
   2.78358358358358      -0.637931982804655     
   2.78798798798799      -0.632781491066425     
   2.79239239239239      -0.627603099856336     
   2.79679679679680      -0.622397620256553     
   2.80120120120120      -0.617165863349237     
   2.80560560560561      -0.611908640216558     
   2.81001001001001      -0.606626761940673     
   2.81441441441441      -0.601321039603746     
   2.81881881881882      -0.595992284287946     
   2.82322322322322      -0.590641307075435     
   2.82762762762763      -0.585268919048374     
   2.83203203203203      -0.579875931288930     
   2.83643643643644      -0.574463154879263     
   2.84084084084084      -0.569031400901541     
   2.84524524524525      -0.563581480437925     
   2.84964964964965      -0.558114204570580     
   2.85405405405405      -0.552630384381669     
   2.85845845845846      -0.547130830953356     
   2.86286286286286      -0.541616355367804     
   2.86726726726727      -0.536087768707178     
   2.87167167167167      -0.530545882053643     
   2.87607607607608      -0.524991506489360     
   2.88048048048048      -0.519425453096494     
   2.88488488488489      -0.513848532957207     
   2.88928928928929      -0.508261557153666     
   2.89369369369369      -0.502665336768033     
   2.89809809809810      -0.497060682882471     
   2.90250250250250      -0.491448406579146     
   2.90690690690691      -0.485829318940220     
   2.91131131131131      -0.480204231047857     
   2.91571571571572      -0.474573953984221     
   2.92012012012012      -0.468939298831476     
   2.92452452452453      -0.463301076671784     
   2.92892892892893      -0.457660098587314     
   2.93333333333333      -0.452017175660223     
   2.93773773773774      -0.446373118972678     
   2.94214214214214      -0.440728739606843     
   2.94654654654655      -0.435084848644881     
   2.95095095095095      -0.429442257168955     
   2.95535535535536      -0.423801776261233     
   2.95975975975976      -0.418164217003873     
   2.96416416416416      -0.412530390479042     
   2.96856856856857      -0.406901107768903     
   2.97297297297297      -0.401277179955620     
   2.97737737737738      -0.395659418121357     
   2.98178178178178      -0.390048633348278     
   2.98618618618619      -0.384445636718544     
   2.99059059059059      -0.378851239314322     
   2.99499499499500      -0.373266252217775     
   2.99939939939940      -0.367691486511066     
   3.00380380380380      -0.362127753276360     
   3.00820820820821      -0.356575863595819     
   3.01261261261261      -0.351036628551608     
   3.01701701701702      -0.345510859225890     
   3.02142142142142      -0.339999366700831     
   3.02582582582583      -0.334502962058591     
   3.03023023023023      -0.329022456381337     
   3.03463463463464      -0.323558660751230     
   3.03903903903904      -0.318112386250437     
   3.04344344344344      -0.312684443961120     
   3.04784784784785      -0.307275644965442     
   3.05225225225225      -0.301886800345568     
   3.05665665665666      -0.296518721183661     
   3.06106106106106      -0.291172218561885     
   3.06546546546547      -0.285848103562405     
   3.06986986986987      -0.280547187267383     
   3.07427427427427      -0.275270280758983     
   3.07867867867868      -0.270018195119369     
   3.08308308308308      -0.264791741430705     
   3.08748748748749      -0.259591730775156     
   3.09189189189189      -0.254418974234883     
   3.09629629629630      -0.249274282892052     
   3.10070070070070      -0.244158467828824     
   3.10510510510511      -0.239072340127367     
   3.10950950950951      -0.234016710869842     
   3.11391391391391      -0.228992391138413     
   3.11831831831832      -0.224000192015244     
   3.12272272272272      -0.219040924582499     
   3.12712712712713      -0.214115399922341     
   3.13153153153153      -0.209224429116935     
   3.13593593593594      -0.204368823248443     
   3.14034034034034      -0.199549393399031     
   3.14474474474475      -0.194766950650861     
   3.14914914914915      -0.190022306086097     
   3.15355355355355      -0.185316270786904     
   3.15795795795796      -0.180649655835444     
   3.16236236236236      -0.176023272313882     
   3.16676676676677      -0.171437931304382     
   3.17117117117117      -0.166894443889106     
   3.17557557557558      -0.162393621150220     
   3.17997997997998      -0.157936274169886     
   3.18438438438438      -0.153523214030268     
   3.18878878878879      -0.149155251813531     
   3.19319319319319      -0.144833198601837     
   3.19759759759760      -0.140557865477352     
   3.20200200200200      -0.136330063522238     
   3.20640640640641      -0.132150603818659     
   3.21081081081081      -0.128020297448779     
   3.21521521521522      -0.123939955494762     
   3.21961961961962      -0.119910389038771     
   3.22402402402402      -0.115932409162971     
   3.22842842842843      -0.112006826949525     
   3.23283283283283      -0.108134453480596     
   3.23723723723724      -0.104316099838349     
   3.24164164164164      -0.100552577104948     
   3.24604604604605      -9.684469636255572E-002
   3.25045045045045      -9.319326869333622E-002
   3.25485485485486      -8.959910517945313E-002
   3.25925925925926      -8.606301690307061E-002
   3.26366366366366      -8.258581494635242E-002
   3.26806806806807      -7.916831039146205E-002
   3.27247247247247      -7.581131432056296E-002
   3.27687687687688      -7.251563781581935E-002
   3.28128128128128      -6.928209195939523E-002
   3.28568568568569      -6.611148783345409E-002
   3.29009009009009      -6.300463652015968E-002
   3.29449449449449      -5.996234910167543E-002
   3.29889889889890      -5.698543666016573E-002
   3.30330330330330      -5.407471027779372E-002
   3.30770770770771      -5.123098103672404E-002
   3.31211211211211      -4.845506001911931E-002
   3.31651651651652      -4.574775830714419E-002
   3.32092092092092      -4.310988698296182E-002
   3.32532532532533      -4.054225712873653E-002
   3.32972972972973      -3.804567982663180E-002
   3.33413413413413      -3.562096615881141E-002
   3.33853853853854      -3.326892720743887E-002
   3.34294294294294      -3.099037405467842E-002
   3.34734734734735      -2.878611778269337E-002
   3.35175175175175      -2.665696947364813E-002
   3.35615615615616      -2.460374020970561E-002
   3.36056056056056      -2.262724107303020E-002
   3.36496496496497      -2.072828314578526E-002
   3.36936936936937      -1.890767751013477E-002
   3.37377377377377      -1.716623524824281E-002
   3.37817817817818      -1.550476744227245E-002
   3.38258258258258      -1.392408517438798E-002
   3.38698698698699      -1.242499952675283E-002
   3.39139139139139      -1.100832158153106E-002
   3.39579579579580      -9.674862420886294E-003
   3.40020020020020      -8.425433126982277E-003
   3.40460460460461      -7.260844781982663E-003
   3.40900900900901      -6.181908468051450E-003
   3.41341341341341      -5.189435267352180E-003
   3.41781781781782      -4.284236262048905E-003
   3.42222222222222      -3.467122534305016E-003
   3.42662662662663      -2.738905166284541E-003
   3.43103103103103      -2.100395240151093E-003
   3.43543543543544      -1.552403838068561E-003
   3.43983983983984      -1.095742042200640E-003
   3.44424424424424      -7.312207158195844E-004
   3.44864864864865      -4.569489657881830E-004
   3.45305305305305      -2.615971082251705E-004
   3.45745745745746      -1.317754614419403E-004
   3.46186186186186      -5.409434374995855E-005
   3.46626626626627      -1.516407346062792E-005
   3.47067067067067      -1.594968885400432E-006
 
   3.44404506533972       0.000000000000000E+000
   3.44404506533972        3.32748312907578     
 
   3.47460857286997       0.000000000000000E+000
   3.47460857286997        3.32748312907578     
