  4.404404404404405E-003   4962132.05224873     
  8.808808808808809E-003   2358098.33392526     
  1.321321321321321E-002   1496772.00472889     
  1.761761761761762E-002   1070562.92621104     
  2.202202202202202E-002   818009.962134284     
  2.642642642642643E-002   652000.516486817     
  3.083083083083083E-002   535231.193463863     
  3.523523523523524E-002   449073.511841754     
  3.963963963963964E-002   383196.232119516     
  4.404404404404404E-002   331414.616139365     
  4.844844844844846E-002   289803.985424200     
  5.285285285285286E-002   255756.705317891     
  5.725725725725726E-002   227474.570880218     
  6.166166166166167E-002   203678.873152422     
  6.606606606606606E-002   183436.545069695     
  7.047047047047048E-002   166051.588757302     
  7.487487487487489E-002   150994.892719835     
  7.927927927927929E-002   137857.500601234     
  8.368368368368369E-002   126318.684155461     
  8.808808808808809E-002   116123.632950155     
  9.249249249249250E-002   107067.550280247     
  9.689689689689691E-002   98984.1128692373     
  0.101301301301301        91736.9628711003     
  0.105705705705706        85213.3449519047     
  0.110110110110110        79319.2855038025     
  0.114514514514515        73975.8968680043     
  0.118918918918919        69116.5132867074     
  0.123323323323323        64684.4493077284     
  0.127727727727728        60631.2292718884     
  0.132132132132132        56915.1770247420     
  0.136536536536537        53500.2837252330     
  0.140940940940941        50355.2922582434     
  0.145345345345345        47452.9517513817     
  0.149749749749750        44769.4067096312     
  0.154154154154154        42283.6934532924     
  0.158558558558559        39977.3226655529     
  0.162962962962963        37833.9314813512     
  0.167367367367367        35838.9920734185     
  0.171771771771772        33979.5663975689     
  0.176176176176176        32244.0988525931     
  0.180580580580581        30622.2402405158     
  0.184984984984985        29104.6976911570     
  0.189389389389389        27683.1062231753     
  0.193793793793794        26349.9184137494     
  0.198198198198198        25098.3092873066     
  0.202602602602603        23922.0940456322     
  0.207007007007007        22815.6566743513     
  0.211411411411411        21773.8877950209     
  0.215815815815816        20792.1304040312     
  0.220220220220220        19866.1323617789     
  0.224624624624625        18992.0046779758     
  0.229029029029029        18166.1847892492     
  0.233433433433433        17385.4041495027     
  0.237837837837838        16646.6595567103     
  0.242242242242242        15947.1877258025     
  0.246646646646647        15284.4426891904     
  0.251051051051051        14656.0756667663     
  0.255455455455455        14059.9170979602     
  0.259859859859860        13493.9605712519     
  0.264264264264264        12956.3484227954     
  0.268668668668669        12445.3588065871     
  0.273073073073073        11959.3940648175     
  0.277477477477478        11496.9702494131     
  0.281881881881882        11056.7076649225     
  0.286286286286286        10637.3223193294     
  0.290690690690691        10237.6181835070     
  0.295095095095095        9856.48017221533     
  0.299499499499500        9492.86777007069     
  0.303903903903904        9145.80923504365     
  0.308308308308308        8814.39631995739     
  0.312712712712713        8497.77945934993     
  0.317117117117117        8195.16337506956     
  0.321521521521522        7905.80305921948     
  0.325925925925926        7629.00009766057     
  0.330330330330330        7364.09930130807     
  0.334734734734735        7110.48561599715     
  0.339139139139139        6867.58128480629     
  0.343543543543544        6634.84323947438     
  0.347947947947948        6411.76069997279     
  0.352352352352352        6197.85296344060     
  0.356756756756757        5992.66736559300     
  0.361161161161161        5795.77739940146     
  0.365565565565566        5606.78097734589     
  0.369969969969970        5425.29882487511     
  0.374374374374374        5250.97299390432     
  0.378778778778779        5083.46548624281     
  0.383183183183183        4922.45697779660     
  0.387587587587588        4767.64563524384     
  0.391991991991992        4618.74601764477     
  0.396396396396396        4475.48805613457     
  0.400800800800801        4337.61610546473     
  0.405205205205205        4204.88806171379     
  0.409609609609610        4077.07454098922     
  0.414014014014014        3953.95811439380     
  0.418418418418418        3835.33259493809     
  0.422822822822823        3721.00237244964     
  0.427227227227227        3610.78179286386     
  0.431631631631632        3504.49457858432     
  0.436036036036036        3401.97328687497     
  0.440440440440441        3303.05880349678     
  0.444844844844845        3207.59986902781     
  0.449249249249249        3115.45263551252     
  0.453653653653654        3026.48025127428     
  0.458058058058058        2940.55247189650     
  0.462462462462463        2857.54529553441     
  0.466866866866867        2777.34062086252     
  0.471271271271271        2699.82592609354     
  0.475675675675676        2624.89396762424     
  0.480080080080080        2552.44249697300     
  0.484484484484485        2482.37399477472     
  0.488888888888889        2414.59542069022     
  0.493293293293293        2349.01797817240     
  0.497697697697698        2285.55689310860     
  0.502102102102102        2224.13120543039     
  0.506506506506507        2164.66357284730     
  0.510910910910911        2107.08008592196     
  0.515315315315315        2051.31009375924     
  0.519719719719720        1997.28603963397     
  0.524124124124124        1944.94330592863     
  0.528528528528528        1894.22006779651     
  0.532932932932933        1845.05715500614     
  0.537337337337337        1797.39792146002     
  0.541741741741742        1751.18812191538     
  0.546146146146146        1706.37579546663     
  0.550550550550551        1662.91115537856     
  0.554954954954955        1620.74648488705     
  0.559359359359359        1579.83603860939     
  0.563763763763764        1540.13594922961     
  0.568168168168168        1501.60413914656     
  0.572572572572573        1464.20023679248     
  0.576976976976977        1427.88549734865     
  0.581381381381381        1392.62272760250     
  0.585785785785786        1358.37621470673     
  0.590190190190190        1325.11165861595     
  0.594594594594595        1292.79610799102     
  0.598998998998999        1261.39789937388     
  0.603403403403403        1230.88659944819     
  0.607807807807808        1201.23295021255     
  0.612212212212212        1172.40881690365     
  0.616616616616617        1144.38713851655     
  0.621021021021021        1117.14188077893     
  0.625425425425425        1090.64799144430     
  0.629829829829830        1064.88135777772     
  0.634234234234234        1039.81876611493     
  0.638638638638639        1015.43786338283     
  0.643043043043043        991.717120476067     
  0.647447447447448        968.635797390401     
  0.651851851851852        946.173910019648     
  0.656256256256256        924.312198528123     
  0.660660660660661        903.032097215787     
  0.665065065065065        882.315705798013     
  0.669469469469470        862.145762026328     
  0.673873873873874        842.505615580732     
  0.678278278278278        823.379203168081     
  0.682682682682683        804.751024764750     
  0.687087087087087        786.606120945229     
  0.691491491491492        768.930051241572     
  0.695895895895896        751.708873481683     
  0.700300300300300        734.929124057282     
  0.704704704704705        718.577799075101     
  0.709109109109109        702.642336347412     
  0.713513513513514        687.110598180351     
  0.717917917917918        671.970854920789     
  0.722322322322322        657.211769224572     
  0.726726726726727        642.822381010985     
  0.731131131131131        628.792093070168     
  0.735535535535536        615.110657291920     
  0.739939939939940        601.768161486109     
  0.744344344344344        588.755016766348     
  0.748748748748749        576.061945470184     
  0.753153153153153        563.679969590375     
  0.757557557557558        551.600399693179     
  0.761961961961962        539.814824300827     
  0.766366366366366        528.315099716501     
  0.770770770770771        517.093340271279     
  0.775175175175175        506.141908973523     
  0.779579579579580        495.453408542208     
  0.783983983983984        485.020672806600     
  0.788388388388388        474.836758455584     
  0.792792792792793        464.894937120789     
  0.797197197197197        455.188687778426     
  0.801601601601602        445.711689455518     
  0.806006006006006        436.457814226903     
  0.810410410410410        427.421120490074     
  0.814814814814815        418.595846505521     
  0.819219219219219        409.976404190870     
  0.823623623623624        401.557373157688     
  0.828028028028028        393.333494980315     
  0.832432432432432        385.299667686661     
  0.836836836836837        377.450940461324     
  0.841241241241241        369.782508551894     
  0.845645645645646        362.289708369718     
  0.850050050050050        354.968012776804     
  0.854454454454454        347.813026550977     
  0.858858858858859        340.820482021703     
  0.863263263263263        333.986234869419     
  0.867667667667668        327.306260081494     
  0.872072072072072        320.776648058280     
  0.876476476476477        314.393600863016     
  0.880880880880881        308.153428609631     
  0.885285285285285        302.052545982755     
  0.889689689689690        296.087468884532     
  0.894094094094094        290.254811203035     
  0.898498498498498        284.551281697355     
  0.902902902902903        278.964683401555     
  0.907307307307307        273.462918347844     
  0.911711711711712        268.042912803771     
  0.916116116116116        262.704036091664     
  0.920520520520521        257.445657533850     
  0.924924924924925        252.267146452657     
  0.929329329329329        247.167872170410     
  0.933733733733734        242.147204009440     
  0.938138138138138        237.204511292070     
  0.942542542542543        232.339163340630     
  0.946946946946947        227.550529477445     
  0.951351351351351        222.837979024845     
  0.955755755755756        218.200881305157     
  0.960160160160160        213.638605640707     
  0.964564564564565        209.150521353821     
  0.968968968968969        204.735997766829     
  0.973373373373373        200.394404202058     
  0.977777777777778        196.125109981834     
  0.982182182182182        191.927484428485     
  0.986586586586587        187.800896864337     
  0.990990990990991        183.744716611718     
  0.995395395395395        179.758312992957     
  0.999799799799800        175.841055330379     
   1.00420420420420        171.992312946311     
   1.00860860860861        168.211455163083     
   1.01301301301301        164.497851303020     
   1.01741741741742        160.850870688450     
   1.02182182182182        157.269882641700     
   1.02622622622623        153.754256485097     
   1.03063063063063        150.303361540970     
   1.03503503503504        146.916567131643     
   1.03943943943944        143.593242579447     
   1.04384384384384        140.332757206707     
   1.04824824824825        137.134480335750     
   1.05265265265265        133.997781288905     
   1.05705705705706        130.922029388497     
   1.06146146146146        127.906593956855     
   1.06586586586587        124.950844316307     
   1.07027027027027        122.054149789178     
   1.07467467467467        119.215879697797     
   1.07907907907908        116.435403364492     
   1.08348348348348        113.712090111586     
   1.08788788788789        111.045309261411     
   1.09229229229229        108.434430136291     
   1.09669669669670        105.878822058556     
   1.10110110110110        103.377854350533     
   1.10550550550551        100.930896334547     
   1.10990990990991        98.5373173329258     
   1.11431431431431        96.1964866679982     
   1.11871871871872        93.9077736620902     
   1.12312312312312        91.6705476375305     
   1.12752752752753        89.4841779166454     
   1.13193193193193        87.3480338217605     
   1.13633633633634        85.2614846752076     
   1.14074074074074        83.2238997993090     
   1.14514514514515        81.2346485163948     
   1.14954954954955        79.2931001487909     
   1.15395395395395        77.3986240188256     
   1.15835835835836        75.5505894488269     
   1.16276276276276        73.7483657611192     
   1.16716716716717        71.9913222780328     
   1.17157157157157        70.2788283218943     
   1.17597597597598        68.6102532150285     
   1.18038038038038        66.9849662797660     
   1.18478478478478        65.4023368384319     
   1.18918918918919        63.8617342133543     
   1.19359359359359        62.3625277268616     
   1.19799799799800        60.9040867012786     
   1.20240240240240        59.4857804589328     
   1.20680680680681        58.1069783221551     
   1.21121121121121        56.7670496132682     
   1.21561561561562        55.4653636546027     
   1.22002002002002        54.2012897684826     
   1.22442442442442        52.9741972772390     
   1.22882882882883        51.7834555031973     
   1.23323323323323        50.6284337686825     
   1.23763763763764        49.5085013960256     
   1.24204204204204        48.4230277075530     
   1.24644644644645        47.3713820255907     
   1.25085085085085        46.3529336724655     
   1.25525525525526        45.3670519705074     
   1.25965965965966        44.4131062420411     
   1.26406406406406        43.4904658093956     
   1.26846846846847        42.5984999948964     
   1.27287287287287        41.7365781208719     
   1.27727727727728        40.9040695096496     
   1.28168168168168        40.1003434835561     
   1.28608608608609        39.3247693649205     
   1.29049049049049        38.5767164760659     
   1.29489489489490        37.8555541393225     
   1.29929929929930        37.1606516770203     
   1.30370370370370        36.4913784114810     
   1.30810810810811        35.8471036650344     
   1.31251251251251        35.2271967600086     
   1.31691691691692        34.6310270187296     
   1.32132132132132        34.0579637635255     
   1.32572572572573        33.5073763167220     
   1.33013013013013        32.9786340006481     
   1.33453453453453        32.4711061376324     
   1.33893893893894        31.9841620499983     
   1.34334334334334        31.5171710600748     
   1.34774774774775        31.0695024901911     
   1.35215215215215        30.6405256626713     
   1.35655655655656        30.2296098998445     
   1.36096096096096        29.8361245240385     
   1.36536536536537        29.4594388575779     
   1.36976976976977        29.0989222227936     
   1.37417417417417        28.7539439420107     
   1.37857857857858        28.4238733375569     
   1.38298298298298        28.1080797317582     
   1.38738738738739        27.8059324469450     
   1.39179179179179        27.5168008054416     
   1.39619619619620        27.2400541295769     
   1.40060060060060        26.9750617416753     
   1.40500500500501        26.7211929640694     
   1.40940940940941        26.4778171190824     
   1.41381381381381        26.2443035290416     
   1.41821821821822        26.0200215162763     
   1.42262262262262        25.8043404031114     
   1.42702702702703        25.5966295118774     
   1.43143143143143        25.3962581648989     
   1.43583583583584        25.2025956845032     
   1.44024024024024        25.0150113930194     
   1.44464464464464        24.8328746127731     
   1.44904904904905        24.6555546660925     
   1.45345345345345        24.4824208753034     
   1.45785785785786        24.3128425627351     
   1.46226226226226        24.1461890507130     
   1.46666666666667        23.9818296615681     
   1.47107107107107        23.8191337176227     
   1.47547547547548        23.6574705412058     
   1.47987987987988        23.4962094546468     
   1.48428428428428        23.3347197802714     
   1.48868868868869        23.1723708404043     
   1.49309309309309        23.0085319573773     
   1.49749749749750        22.8425724535150     
   1.50190190190190        22.6742455298090     
   1.50630630630631        22.5062039490641     
   1.51071071071071        22.3390757442764     
   1.51511511511512        22.1728581219336     
   1.51951951951952        22.0075482885234     
   1.52392392392392        21.8431434505336     
   1.52832832832833        21.6796408144520     
   1.53273273273273        21.5170375867661     
   1.53713713713714        21.3553309739638     
   1.54154154154154        21.1945181825328     
   1.54594594594595        21.0345964189608     
   1.55035035035035        20.8755628897356     
   1.55475475475475        20.7174148013448     
   1.55915915915916        20.5601493602763     
   1.56356356356356        20.4037637730176     
   1.56796796796797        20.2482552460567     
   1.57237237237237        20.0936209858811     
   1.57677677677678        19.9398581989787     
   1.58118118118118        19.7869640918370     
   1.58558558558559        19.6349358709440     
   1.58998998998999        19.4837707427873     
   1.59439439439439        19.3334659138546     
   1.59879879879880        19.1840185906337     
   1.60320320320320        19.0354259796122     
   1.60760760760761        18.8876852872780     
   1.61201201201201        18.7407937201187     
   1.61641641641642        18.5947484846221     
   1.62082082082082        18.4495467872759     
   1.62522522522523        18.3051858345679     
   1.62962962962963        18.1616628329857     
   1.63403403403403        18.0189749890171     
   1.63843843843844        17.8771195091498     
   1.64284284284284        17.7360935998716     
   1.64724724724725        17.5958944676701     
   1.65165165165165        17.4565193190332     
   1.65605605605606        17.3179653604485     
   1.66046046046046        17.1802297984037     
   1.66486486486486        17.0433098393866     
   1.66926926926927        16.9072026898850     
   1.67367367367367        16.7719055563865     
   1.67807807807808        16.6374156453789     
   1.68248248248248        16.5037301633499     
   1.68688688688689        16.3708463167872     
   1.69129129129129        16.2387613121786     
   1.69569569569570        16.1074723560118     
   1.70010010010010        15.9769766547745     
   1.70450450450450        15.8472714149545     
   1.70890890890891        15.7183538430394     
   1.71331331331331        15.5902211455171     
   1.71771771771772        15.4628705288751     
   1.72212212212212        15.3362991996014     
   1.72652652652653        15.2105043641835     
   1.73093093093093        15.0854832291093     
   1.73533533533534        14.9612330008664     
   1.73973973973974        14.8377508859426     
   1.74414414414414        14.7150340908256     
   1.74854854854855        14.5930798220031     
   1.75295295295295        14.4718852859629     
   1.75735735735736        14.3514476891927     
   1.76176176176176        14.2317642381803     
   1.76616616616617        14.1128321394132     
   1.77057057057057        13.9946485993794     
   1.77497497497498        13.8772108245664     
   1.77937937937938        13.7605160214621     
   1.78378378378378        13.6445613965542     
   1.78818818818819        13.5293441563304     
   1.79259259259259        13.4148615072784     
   1.79699699699700        13.3011106558859     
   1.80140140140140        13.1880888086407     
   1.80580580580581        13.0757931720305     
   1.81021021021021        12.9642209525431     
   1.81461461461461        12.8533693566661     
   1.81901901901902        12.7432355908874     
   1.82342342342342        12.6338168616945     
   1.82782782782783        12.5251103755753     
   1.83223223223223        12.4171133390175     
   1.83663663663664        12.3098229585088     
   1.84104104104104        12.2032364405370     
   1.84544544544545        12.0973509915897     
   1.84984984984985        11.9921638181547     
   1.85425425425425        11.8876721267197     
   1.85865865865866        11.7838731237725     
   1.86306306306306        11.6807640158007     
   1.86746746746747        11.5783420092922     
   1.87187187187187        11.4766043107346     
   1.87627627627628        11.3755481266157     
   1.88068068068068        11.2751706634232     
   1.88508508508509        11.1754691276448     
   1.88948948948949        11.0764407257682     
   1.89389389389389        10.9780826642813     
   1.89829829829830        10.8803921496716     
   1.90270270270270        10.7833663884270     
   1.90710710710711        10.6870025870352     
   1.91151151151151        10.5912979519839     
   1.91591591591592        10.4962496897608     
   1.92032032032032        10.4018550068536     
   1.92472472472473        10.3081111097501     
   1.92912912912913        10.2150152049381     
   1.93353353353353        10.1225644989052     
   1.93793793793794        10.0307561981391     
   1.94234234234234        9.93958750912765     
   1.94674674674675        9.84905563835853     
   1.95115115115115        9.75915779231947     
   1.95555555555556        9.66989117749818     
   1.95995995995996        9.58125300038241     
   1.96436436436436        9.49324046745989     
   1.96876876876877        9.40585078521833     
   1.97317317317317        9.31908116014547     
   1.97757757757758        9.23292879872905     
   1.98198198198198        9.14739090745677     
   1.98638638638639        9.06246469281639     
   1.99079079079079        8.97814736129561     
   1.99519519519520        8.89443611938218     
   1.99959959959960        8.81132817356383     
   2.00400400400400        8.72882073032826     
   2.00840840840841        8.64691099616324     
   2.01281281281281        8.56559617755646     
   2.01721721721722        8.48487348099567     
   2.02162162162162        8.40474011296860     
   2.02602602602603        8.32519327996298     
   2.03043043043043        8.24623018846652     
   2.03483483483484        8.16784804496696     
   2.03923923923924        8.09004405595204     
   2.04364364364364        8.01281542790947     
   2.04804804804805        7.93615936732699     
   2.05245245245245        7.86007308069232     
   2.05685685685686        7.78455377449320     
   2.06126126126126        7.70959865521735     
   2.06566566566567        7.63520492935250     
   2.07007007007007        7.56136980338639     
   2.07447447447447        7.48809048380672     
   2.07887887887888        7.41536417710125     
   2.08328328328328        7.34318808975769     
   2.08768768768769        7.27155942826379     
   2.09209209209209        7.20047539910725     
   2.09649649649650        7.12993320877582     
   2.10090090090090        7.05993006375721     
   2.10530530530531        6.99046317053917     
   2.10970970970971        6.92152973560941     
   2.11411411411411        6.85312696545568     
   2.11851851851852        6.78525206656568     
   2.12292292292292        6.71790224542716     
   2.12732732732733        6.65107470852784     
   2.13173173173173        6.58476666235546     
   2.13613613613614        6.51897531339773     
   2.14054054054054        6.45369786814240     
   2.14494494494495        6.38893153307717     
   2.14934934934935        6.32467351468981     
   2.15375375375375        6.26092101946800     
   2.15815815815816        6.19767125389951     
   2.16256256256256        6.13492142447205     
   2.16696696696697        6.07266873767335     
   2.17137137137137        6.01091039999114     
   2.17577577577578        5.94964361791314     
   2.18018018018018        5.88886559792710     
   2.18458458458458        5.82857354652073     
   2.18898898898899        5.76876467018177     
   2.19339339339339        5.70943617539793     
   2.19779779779780        5.65058526865696     
   2.20220220220220        5.59220915644658     
   2.20660660660661        5.53430504525452     
   2.21101101101101        5.47687014156850     
   2.21541541541542        5.41990165187627     
   2.21981981981982        5.36339678266553     
   2.22422422422422        5.30735274042404     
   2.22862862862863        5.25176673163950     
   2.23303303303303        5.19663596279965     
   2.23743743743744        5.14195764039222     
   2.24184184184184        5.08772897090495     
   2.24624624624625        5.03394716082555     
   2.25065065065065        4.98060941664175     
   2.25505505505506        4.92771294484129     
   2.25945945945946        4.87525495191189     
   2.26386386386386        4.82323264434129     
   2.26826826826827        4.77164322861721     
   2.27267267267267        4.72048391122737     
   2.27707707707708        4.66975189865951     
   2.28148148148148        4.61944439740136     
   2.28588588588589        4.56955861394064     
   2.29029029029029        4.52009175476509     
   2.29469469469469        4.47104102636243     
   2.29909909909910        4.42240363522039     
   2.30350350350350        4.37417678782670     
   2.30790790790791        4.32635769066909     
   2.31231231231231        4.27894355023529     
   2.31671671671672        4.23193157301302     
   2.32112112112112        4.18531896549002     
   2.32552552552553        4.13910293415401     
   2.32992992992993        4.09328068549272     
   2.33433433433433        4.04784942599388     
   2.33873873873874        4.00280636214522     
   2.34314314314314        3.95814870043447     
   2.34754754754755        3.91387364734936     
   2.35195195195195        3.86997840937761     
   2.35635635635636        3.82646019300696     
   2.36076076076076        3.78331620472512     
   2.36516516516517        3.74054365101984     
   2.36956956956957        3.69813973837884     
   2.37397397397397        3.65610167328985     
   2.37837837837838        3.61442666224059     
   2.38278278278278        3.57311191171881     
   2.38718718718719        3.53215462821221     
   2.39159159159159        3.49155201820854     
   2.39599599599600        3.45130128819552     
   2.40040040040040        3.41139964466088     
   2.40480480480480        3.37184429409235     
   2.40920920920921        3.33263244297766     
   2.41361361361361        3.29376129780453     
   2.41801801801802        3.25522806506071     
   2.42242242242242        3.21702995123390     
   2.42682682682683        3.17916416281185     
   2.43123123123123        3.14162790628228     
   2.43563563563564        3.10441838813291     
   2.44004004004004        3.06753281485149     
   2.44444444444444        3.03096839292574     
   2.44884884884885        2.99472232884338     
   2.45325325325325        2.95879182909215     
   2.45765765765766        2.92317410015977     
   2.46206206206206        2.88786634853396     
   2.46646646646647        2.85286578070248     
   2.47087087087087        2.81816960315303     
   2.47527527527528        2.78377502237335     
   2.47967967967968        2.74967924485117     
   2.48408408408408        2.71587947707421     
   2.48848848848849        2.68237292553021     
   2.49289289289289        2.64915679670689     
   2.49729729729730        2.61622829709197     
   2.50170170170170        2.58358463317321     
   2.50610610610611        2.55122301143830     
   2.51051051051051        2.51914063837500     
   2.51491491491492        2.48733472047102     
   2.51931931931932        2.45580246421410     
   2.52372372372372        2.42454107609196     
   2.52812812812813        2.39354776259233     
   2.53253253253253        2.36281999315885     
   2.53693693693694        2.33235633919040     
   2.54134134134134        2.30215566069920     
   2.54574574574575        2.27221681769851     
   2.55015015015015        2.24253867020159     
   2.55455455455455        2.21312007822169     
   2.55895895895896        2.18395990177207     
   2.56336336336336        2.15505700086599     
   2.56776776776777        2.12641023551670     
   2.57217217217217        2.09801846573745     
   2.57657657657658        2.06988055154152     
   2.58098098098098        2.04199535294214     
   2.58538538538539        2.01436172995258     
   2.58978978978979        1.98697854258609     
   2.59419419419419        1.95984465085593     
   2.59859859859860        1.93295891477535     
   2.60300300300300        1.90632019435762     
   2.60740740740741        1.87992734961598     
   2.61181181181181        1.85377924056370     
   2.61621621621622        1.82787472721403     
   2.62062062062062        1.80221266958023     
   2.62502502502503        1.77679192767554     
   2.62942942942943        1.75161136151323     
   2.63383383383383        1.72666983110656     
   2.63823823823824        1.70196619646878     
   2.64264264264264        1.67749931761315     
   2.64704704704705        1.65326805455292     
   2.65145145145145        1.62927126730135     
   2.65585585585586        1.60550781587169     
   2.66026026026026        1.58197656027721     
   2.66466466466466        1.55867636053115     
   2.66906906906907        1.53560607664678     
   2.67347347347347        1.51276456863734     
   2.67787787787788        1.49015069651611     
   2.68228228228228        1.46776332029632     
   2.68668668668669        1.44560129999125     
   2.69109109109109        1.42366349561414     
   2.69549549549550        1.40194876717825     
   2.69989989989990        1.38045597469683     
   2.70430430430430        1.35918397818315     
   2.70870870870871        1.33813163765046     
   2.71311311311311        1.31729781311202     
   2.71751751751752        1.29668136458107     
   2.72192192192192        1.27628115207089     
   2.72632632632633        1.25609603559471     
   2.73073073073073        1.23612487516581     
   2.73513513513514        1.21636653079744     
   2.73953953953954        1.19681986250285     
   2.74394394394394        1.17748373029529     
   2.74834834834835        1.15835699418803     
   2.75275275275275        1.13943851419433     
   2.75715715715716        1.12072715032742     
   2.76156156156156        1.10222176260059     
   2.76596596596597        1.08392121102707     
   2.77037037037037        1.06582435562013     
   2.77477477477477        1.04793005639302     
   2.77917917917918        1.03023717335900     
   2.78358358358358        1.01274456653132     
   2.78798798798799       0.995451095923241     
   2.79239239239239       0.978355621548019     
   2.79679679679680       0.961457003418913     
   2.80120120120120       0.944754101549173     
   2.80560560560561       0.928245775952059     
   2.81001001001001       0.911930886640825     
   2.81441441441441       0.895808293628728     
   2.81881881881882       0.879876856929029     
   2.82322322322322       0.864135436554975     
   2.82762762762763       0.848582892519830     
   2.83203203203203       0.833218084836844     
   2.83643643643644       0.818039873519279     
   2.84084084084084       0.803047118580386     
   2.84524524524525       0.788238680033427     
   2.84964964964965       0.773613417891652     
   2.85405405405405       0.759170192168321     
   2.85845845845846       0.744907862876688     
   2.86286286286286       0.730825290030012     
   2.86726726726727       0.716921333641547     
   2.87167167167167       0.703194853724549     
   2.87607607607608       0.689644710292274     
   2.88048048048048       0.676269763357980     
   2.88488488488489       0.663068872934921     
   2.88928928928929       0.650040899036357     
   2.89369369369369       0.637184701675539     
   2.89809809809810       0.624499140865726     
   2.90250250250250       0.611983076620173     
   2.90690690690691       0.599635368952137     
   2.91131131131131       0.587454877874877     
   2.91571571571572       0.575440463401643     
   2.92012012012012       0.563590985545697     
   2.92452452452453       0.551905304320290     
   2.92892892892893       0.540382279738683     
   2.93333333333333       0.529020771814129     
   2.93773773773774       0.517819640559886     
   2.94214214214214       0.506777745989207     
   2.94654654654655       0.495893948115353     
   2.95095095095095       0.485167106951575     
   2.95535535535536       0.474596082511135     
   2.95975975975976       0.464179734807284     
   2.96416416416416       0.453916923853281     
   2.96856856856857       0.443806509662380     
   2.97297297297297       0.433847352247839     
   2.97737737737738       0.424038311622914     
   2.98178178178178       0.414378247800861     
   2.98618618618619       0.404866020794935     
   2.99059059059059       0.395500490618394     
   2.99499499499500       0.386280517284493     
   2.99939939939940       0.377204960806489     
   3.00380380380380       0.368272681197637     
   3.00820820820821       0.359482538471193     
   3.01261261261261       0.350833392640416     
   3.01701701701702       0.342324103718558     
   3.02142142142142       0.333953531718880     
   3.02582582582583       0.325720536654633     
   3.03023023023023       0.317623978539077     
   3.03463463463464       0.309662717385466     
   3.03903903903904       0.301835613207057     
   3.04344344344344       0.294141526017107     
   3.04784784784785       0.286579315828871     
   3.05225225225225       0.279147842655605     
   3.05665665665666       0.271845966510567     
   3.06106106106106       0.264672547407010     
   3.06546546546547       0.257626445358194     
   3.06986986986987       0.250706520377371     
   3.07427427427427       0.243911632477801     
   3.07867867867868       0.237240641672737     
   3.08308308308308       0.230692407975438     
   3.08748748748749       0.224265791399159     
   3.09189189189189       0.217959651957155     
   3.09629629629630       0.211772849662684     
   3.10070070070070       0.205704244529000     
   3.10510510510511       0.199752696569362     
   3.10950950950951       0.193917065797024     
   3.11391391391391       0.188196212225243     
   3.11831831831832       0.182588995867275     
   3.12272272272272       0.177094276736376     
   3.12712712712713       0.171710914845802     
   3.13153153153153       0.166437770208811     
   3.13593593593594       0.161273702838657     
   3.14034034034034       0.156217572748597     
   3.14474474474475       0.151268239951886     
   3.14914914914915       0.146424564461782     
   3.15355355355355       0.141685406291540     
   3.15795795795796       0.137049625454417     
   3.16236236236236       0.132516081963668     
   3.16676676676677       0.128083635832551     
   3.17117117117117       0.123751147074320     
   3.17557557557558       0.119517475702233     
   3.17997997997998       0.115381481729545     
   3.18438438438438       0.111342025169512     
   3.18878878878879       0.107397966035392     
   3.19319319319319       0.103548164340439     
   3.19759759759760       9.979148009791022E-002
   3.20200200200200       9.612677332106137E-002
   3.20640640640641       9.255290402314929E-002
   3.21081081081081       8.906873221742942E-002
   3.21521521521522       8.567311791715862E-002
   3.21961961961962       8.236492113559273E-002
   3.22402402402402       7.914300188598786E-002
   3.22842842842843       7.600622018159991E-002
   3.23283283283283       7.295343603568569E-002
   3.23723723723724       6.998350946150073E-002
   3.24164164164164       6.709530047230208E-002
   3.24604604604605       6.428766908134477E-002
   3.25045045045045       6.155947530188580E-002
   3.25485485485486       5.890957914718082E-002
   3.25925925925926       5.633684063048650E-002
   3.26366366366366       5.384011976505876E-002
   3.26806806806807       5.141827656415376E-002
   3.27247247247247       4.907017104102743E-002
   3.27687687687688       4.679466320893620E-002
   3.28128128128128       4.459061308113644E-002
   3.28568568568569       4.245688067088410E-002
   3.29009009009009       4.039232599143534E-002
   3.29449449449449       3.839580905604614E-002
   3.29889889889890       3.646618987797306E-002
   3.30330330330330       3.460232847047187E-002
   3.30770770770771       3.280308484679933E-002
   3.31211211211211       3.106731902021084E-002
   3.31651651651652       2.939389100396313E-002
   3.32092092092092       2.778166081131202E-002
   3.32532532532533       2.622948845551401E-002
   3.32972972972973       2.473623394982509E-002
   3.33413413413413       2.330075730750144E-002
   3.33853853853854       2.192191854179909E-002
   3.34294294294294       2.059857766597449E-002
   3.34734734734735       1.932959469328353E-002
   3.35175175175175       1.811382963698277E-002
   3.35615615615616       1.695014251032788E-002
   3.36056056056056       1.583739332657537E-002
   3.36496496496497       1.477444209898122E-002
   3.36936936936937       1.376014884080169E-002
   3.37377377377377       1.279337356529314E-002
   3.37817817817818       1.187297628571135E-002
   3.38258258258258       1.099781701531277E-002
   3.38698698698699       1.016675576735340E-002
   3.39139139139139       9.378652555089580E-003
   3.39579579579580       8.632367391777380E-003
   3.40020020020020       7.926760290672972E-003
   3.40460460460461       7.260691265032462E-003
   3.40900900900901       6.633020328112152E-003
   3.41341341341341       6.042607493168083E-003
   3.41781781781782       5.488312773456595E-003
   3.42222222222222       4.968996182233635E-003
   3.42662662662663       4.483517732755534E-003
   3.43103103103103       4.030737438278360E-003
   3.43543543543544       3.609515312058375E-003
   3.43983983983984       3.218711367351699E-003
   3.44424424424424       2.857185617414501E-003
   3.44864864864865       2.523798075502917E-003
   3.45305305305305       2.217408754873182E-003
   3.45745745745746       1.936877668781403E-003
   3.46186186186186       1.681064830483830E-003
   3.46626626626627       1.448830253236527E-003
   3.47067067067067       1.239033950295718E-003
   3.47507507507508       1.050535934917587E-003
   3.47947947947948       8.821962203582652E-004
   3.48388388388388       7.328748198739690E-004
   3.48828828828829       6.014317467208063E-004
   3.49269269269269       4.867270141549884E-004
   3.49709709709710       3.876206354326600E-004
   3.50150150150150       3.029726238100095E-004
   3.50590590590591       2.316429925431947E-004
   3.51031031031031       1.724917548883840E-004
   3.51471471471472       1.243789241017415E-004
   3.51911911911912       8.616451343944540E-005
   3.52352352352352       5.670853615765611E-005
   3.52792792792793       3.487100551254981E-005
   3.53233233233233       1.951193476028602E-005
   3.53673673673674       9.491337157038754E-006
   3.54114114114114       3.669225958974214E-006
   3.54554554554555       9.056144222619440E-007
   3.54994994994995       6.051580306962652E-008
