 
 Forces:
 
 Structure          fitdata                        truedata
 ------------------------------------------------------------------------------
vasprun1.xml_1              0.00000   0.00000   0.00000  -0.00000  -0.00000  -0.00000
                            0.00000   0.00000   0.00000  -0.00000   0.00000  -0.00000
vasprun1.xml_2             -0.24700   1.75100  -1.19900  -0.09808   1.52520  -0.88640
                           -0.41800   3.20100  -2.10600  -0.30607   3.10207  -2.49632
                           -1.62600  -2.88400   0.85800  -1.58438  -2.80746   0.97211
                           -3.76700   3.42100  -2.04700  -3.68384   3.38451  -2.21111
                            1.29800   0.59400   1.25500   1.71387   0.86919   1.48049
                           -1.96400   1.55500   3.61900  -2.06628   1.72089   3.81069
                           -0.26200  -4.71600   0.20900  -0.03603  -4.39711   0.11589
                            0.20600  -1.95400  -0.37100   0.13053  -1.82641  -0.54999
                           -2.63200  -5.51300  -1.98400  -3.14681  -5.63820  -2.38821
                            3.33200   0.22900  -0.03000   3.20425   0.07874  -0.01112
                           -3.23200  -1.16100   4.65300  -3.00224  -0.81094   4.83074
                            3.37600  -1.69700   1.98000   3.51816  -1.46324   1.30783
                           -0.57200   0.96400   0.41300  -0.36086   0.88243   0.11123
                            1.42800  -2.36300  -4.75000   1.58160  -2.67586  -4.99635
                           -2.64200  -1.41800   0.18700  -2.59336  -1.30033   0.17592
                           -0.55900  -1.01900   0.60000  -0.57098  -0.96045   0.70922
                           -0.65400  -0.41700  -1.98400  -0.12395  -0.29814  -2.04406
                            1.16100   4.85200   2.54200   0.88802   4.94876   2.65414
                            1.99000  -0.69000  -1.82300   2.09279  -0.79328  -1.21107
                           -2.11900   5.23300  -1.39000  -2.14943   5.69930  -1.46068
                           -0.98400   0.51700   2.79400  -0.58147   0.26594   2.49704
                           -2.18600  -0.68100   0.80300  -2.45209  -1.01960   1.12693
                            6.43900  -0.52400   2.05200   6.10057  -0.26761   1.96810
                            3.07500   1.66300  -0.15400   2.57877   2.08089  -0.00999
                           -0.71200   4.27500  -1.96200  -0.81377   3.80810  -2.30747
                            0.99200   0.92600   0.81900   1.26591   0.34847   0.60444
                           -4.35300  -0.23200  -1.79700  -4.48874  -0.28255  -1.53697
                            0.61200   0.02200   2.34300   0.39012  -0.03007   2.32611
                           -0.94800   2.18600   0.20100  -0.91367   2.31080   0.20879
                            0.78800  -4.97200   2.29500   1.01638  -5.32003   2.67385
                           -1.18600  -1.98800  -0.14400  -1.19880  -2.26029  -0.26746
                            0.08100  -0.75900   1.69100  -0.06627  -0.47763   1.59230
                            0.08700  -2.26100   1.02500   0.05390  -2.01339   1.45065
                            0.58400  -1.46900   1.86300   0.36103  -0.73599   1.60065
                            0.59100  -0.68500  -5.74900   0.00094  -0.58066  -6.17321
                            3.71200  -3.06100   0.34500   3.46504  -3.70169   0.48187
                            1.31000   1.64700   1.59600   1.27984   1.11768   1.74916
                            0.66800  -0.14600  -1.00200   0.50551  -0.37041  -1.04793
                            0.50700   3.17900  -1.85200   0.52490   3.05831  -0.86914
                            1.29900   0.59500   0.12300   1.01363   0.87113   0.60429
                           -0.00900  -4.38000  -2.29200   0.19925  -5.07407  -2.78930
                            2.63100   0.73700  -0.19200   3.04479   1.07529   0.07663
                            0.19400   1.73100   0.06100   0.45173   2.56680  -0.07351
                           -0.27100  -2.37200  -2.47000  -0.40777  -2.44679  -2.98117
                            0.64000  -3.40300   0.44200   0.54798  -3.77199   0.83336
                           -1.71000   1.46500  -0.48100  -1.99485   1.48636  -0.42406
                            0.67600   2.10100  -0.78800   0.78602   2.62191  -0.81132
                           -0.55400   4.18500   2.62500  -1.07643   3.76626   2.65258
                            1.57900  -0.47300   0.17800   1.80337  -0.27156   0.46821
                           -2.22300  -3.61300   0.39800  -2.50965  -3.60446   0.13559
                            2.34500   2.89900   0.83800   2.60756   2.29567   0.87115
                           -0.08600  -1.51100   2.65600  -0.35579  -1.33600   2.68011
                           -2.31200  -1.31700  -2.53300  -2.46249  -1.41833  -2.30032
                           -0.04900  -0.27000  -1.83700   0.16908  -0.02982  -1.18271
                           -2.99100   0.46400   0.58900  -2.69857   0.91481   0.16543
                           -0.15400   1.48700   0.08400   0.10941   1.29214  -0.24906
                            2.39900   1.86200   2.21900   2.53815   2.14647   2.29144
                           -1.32600  -0.03600   0.83800  -1.43175   0.63827   0.66309
                            1.23100   0.70000  -1.37300   1.31921   0.71582  -1.83109
                           -0.78800  -1.80700  -0.62100  -0.95818  -2.33005  -1.13257
                            1.87700   0.21500  -0.22700   2.02025   0.30428  -0.37801
                           -0.99300   0.98200  -2.02800  -1.35821   0.57044  -1.89299
                           -1.29700   1.39100  -0.02200  -0.92638   1.21462   0.38247
                           -1.28400   2.76300   0.01400  -0.86537   2.63288   0.24107
vasprun1.xml_3             -0.07200   1.86600  -0.83600  -0.02152   1.69939  -0.52117
                           -0.38000   3.38900  -2.29300  -0.23597   3.19448  -2.56452
                           -1.85400  -3.44500   0.37500  -1.74557  -3.29750   0.62188
                           -3.78600   3.22000  -2.05200  -3.77897   3.10424  -2.04252
                            1.94800   0.04800   1.03100   2.10832   0.33747   1.26768
                           -1.50200   1.37300   4.03900  -1.71943   1.59207   4.28396
                           -0.18900  -4.70700   0.35200  -0.10103  -4.21224   0.28877
                           -0.23000  -2.00000  -0.65500  -0.28736  -1.93380  -0.72280
                           -3.50800  -5.23500  -2.40400  -4.08392  -5.22093  -2.81224
                            3.44200   0.04600  -0.22200   3.28908  -0.23074  -0.10957
                           -3.39900  -0.96300   3.87900  -3.25263  -0.60492   3.73802
                            3.34400  -1.34000   1.37000   3.51336  -1.10445   0.87396
                           -0.39500   1.00900   0.46200  -0.20697   0.98616   0.11802
                            1.43300  -2.68300  -4.95800   1.65103  -3.12014  -5.26426
                           -2.88100  -1.01700   0.43700  -2.86755  -0.99894   0.37168
                           -1.08600  -0.64500   0.49900  -0.93601  -0.59395   0.83246
                           -0.59700  -0.33800  -1.50900  -0.16950  -0.37646  -1.64106
                            1.47000   4.41200   2.29200   1.27762   4.53338   2.40581
                            2.00000  -0.22800  -1.97900   2.03023  -0.39049  -1.37028
                           -1.46200   6.11100  -1.22700  -1.25888   6.99173  -1.24775
                           -0.86500   1.27100   3.17400  -0.46609   0.79387   2.77767
                           -2.55100  -0.67400   1.09100  -2.53643  -0.96763   1.26915
                            6.08300   0.08600   2.77500   5.76242   0.38415   2.80291
                            3.90500   2.04000  -0.25200   3.41388   2.59054  -0.05088
                            0.01400   3.72200  -2.45600  -0.16529   3.14203  -2.77615
                            0.93200   1.09200   0.41200   1.22154   0.32490   0.16998
                           -4.96800  -0.17700  -1.73900  -5.10628  -0.20936  -1.50454
                            0.81100   0.80000   2.46500   0.65116   0.79321   2.27461
                           -1.26900   1.63200   0.17800  -1.15917   1.83115   0.28084
                            0.69300  -4.96300   1.98500   0.84087  -5.19872   2.31587
                           -1.30600  -1.95600  -0.56800  -1.27624  -2.13844  -0.64499
                            0.05900  -0.11300   2.02300  -0.09219   0.08693   1.78906
                            0.01700  -2.82200   0.42700   0.08269  -2.43609   0.87118
                            0.20000  -1.60800   2.28300  -0.03254  -0.61163   2.02975
                            1.08900  -1.30200  -4.73300   0.32749  -1.03486  -4.85870
                            3.31400  -4.14400   0.32800   3.01870  -5.38143   0.30663
                            1.47800   1.03400   1.38500   1.64838   0.66760   1.67059
                           -0.05900   0.33000  -1.07200  -0.29105   0.03434  -1.14826
                            0.70700   2.72200  -2.21400   0.82900   2.67158  -1.21921
                            1.40900   1.29200   0.70200   1.07322   1.31428   1.00364
                           -0.27000  -4.16000  -1.65000  -0.13358  -4.48927  -2.12992
                            3.42000   0.31600  -0.47900   3.90170   0.79926  -0.26008
                            0.31900   1.58700   0.13300   0.49014   2.31561  -0.08520
                           -0.89300  -3.04100  -1.81200  -0.92412  -3.08507  -2.21720
                            0.66300  -2.97200   0.20500   0.47654  -3.38240   0.57647
                           -1.52300   1.02500  -0.47800  -1.76628   1.08662  -0.45124
                            1.30700   2.43700  -0.04500   1.31914   2.90866  -0.18781
                           -0.33500   3.81000   2.33800  -0.94795   3.36700   2.13932
                            1.30700   0.18800   0.36200   1.48740   0.19882   0.70521
                           -2.11900  -3.32700   0.51000  -2.35167  -3.36182   0.23337
                            1.53300   3.42000   0.80200   1.85053   2.73367   0.98750
                            0.09200  -1.00500   2.87700  -0.22427  -0.78550   2.96363
                           -2.87000  -1.25000  -2.47100  -3.02958  -1.40288  -2.28155
                           -0.01000  -0.70400  -1.12800   0.36746  -0.42520  -0.30911
                           -2.79000   0.38500  -0.11000  -2.38168   0.68341  -0.57952
                           -0.72500   0.61900  -0.85700  -0.38065   0.58813  -1.15054
                            2.65300   2.11800   2.03700   2.96632   2.33853   2.13623
                           -1.85800  -0.24700   1.13900  -2.13858   0.44312   0.98528
                            2.13700   0.37300  -1.54700   2.18699   0.32456  -2.04218
                           -0.30800  -1.53300  -0.55200  -0.67540  -2.12092  -1.11439
                            2.00900   0.21400  -0.26600   2.26676   0.36355  -0.53037
                           -1.19000   1.28200  -1.85200  -1.58203   0.86019  -1.81036
                           -1.28100   0.87600   0.00600  -0.89656   0.65475   0.32349
                           -1.25700   2.45300   0.04000  -0.82903   2.37640   0.23377
vasprun1.xml_4              0.18000   1.60000  -0.46800   0.10612   1.59241  -0.17839
                           -0.38800   3.63100  -2.46700  -0.23699   3.34591  -2.57179
                           -2.17400  -3.70800   0.23400  -1.97122  -3.53472   0.44371
                           -3.57800   2.68500  -2.09000  -3.49596   2.44899  -1.95666
                            2.58700  -0.42300   0.86300   2.49899  -0.11116   1.12911
                           -1.04200   1.29200   4.69100  -1.35693   1.54822   4.99704
                           -0.19000  -4.47000   0.44300  -0.21131  -3.88531   0.43205
                           -0.71800  -1.95000  -0.71100  -0.71972  -1.91846  -0.73836
                           -4.21200  -4.83800  -2.74000  -4.79870  -4.71672  -3.14833
                            3.47100  -0.26700  -0.30400   3.33936  -0.58919  -0.11284
                           -3.69700  -0.63700   2.59400  -3.63297  -0.29193   2.23416
                            3.28800  -0.89600   0.54100   3.51681  -0.68165   0.34432
                           -0.12600   1.03300   0.34900   0.01957   1.13986  -0.00660
                            1.26800  -3.00700  -5.03400   1.58262  -3.55700  -5.43078
                           -3.37300  -0.67400   0.92400  -3.35332  -0.76282   0.83421
                           -1.71100  -0.24600   0.42500  -1.42196  -0.22948   0.89787
                           -0.42800  -0.41900  -1.15000  -0.10184  -0.54863  -1.29784
                            1.51200   4.28900   1.83300   1.48057   4.40804   1.98369
                            2.24300   0.48200  -2.03300   2.20624   0.18818  -1.46427
                           -1.00000   6.03600  -1.03500  -0.70203   6.95061  -0.99717
                           -0.60800   1.88400   3.53800  -0.28224   1.28082   3.15360
                           -2.82200  -0.85000   1.44000  -2.61874  -1.05765   1.53873
                            5.48900   0.62400   3.26500   5.16995   0.88223   3.35810
                            4.68100   2.36900  -0.40000   4.17735   2.96690  -0.19951
                            1.15800   2.62700  -2.77100   0.85446   2.16568  -3.02728
                            0.79400   1.21600  -0.16500   1.03733   0.32245  -0.37367
                           -5.47200  -0.25000  -1.88600  -5.62820  -0.23984  -1.61001
                            0.99400   1.20300   2.59100   0.86348   1.24829   2.20632
                           -1.49900   0.85000   0.02800  -1.32215   1.19313   0.22060
                            0.61400  -4.42200   1.66900   0.68642  -4.44675   1.98362
                           -1.40500  -1.99000  -0.96200  -1.35983  -2.04236  -0.96092
                           -0.05100   0.38900   2.47200  -0.16741   0.48567   2.13248
                           -0.02700  -3.09100  -0.01300   0.14773  -2.61296   0.31675
                           -0.18600  -1.93900   2.58200  -0.42478  -0.83619   2.32144
                            1.75800  -2.17100  -3.29800   0.86614  -1.73153  -3.12509
                            3.12900  -4.39100   0.34600   2.69562  -5.78266   0.12299
                            1.64300   0.42400   0.91400   1.94062   0.19590   1.25973
                           -0.71400   0.70300  -1.05900  -0.98391   0.40436  -1.22178
                            0.88500   2.29800  -2.75700   1.05000   2.32951  -1.81206
                            1.36000   1.84700   1.43900   1.02528   1.68254   1.41816
                           -0.50900  -3.10700  -1.07600  -0.49338  -3.24021  -1.50348
                            3.88000   0.09200  -1.19300   4.41847   0.60687  -1.00688
                            0.37100   1.33500   0.28400   0.41301   1.79235  -0.04758
                           -1.36700  -3.21500  -1.29200  -1.29325  -3.34727  -1.53565
                            0.72900  -2.06400   0.03600   0.42385  -2.64034   0.31065
                           -1.18100   0.65000  -0.37600  -1.41211   0.74031  -0.32430
                            1.87900   2.59000   0.31000   1.82057   2.99505   0.12510
                            0.31500   2.80000   1.61200  -0.39726   2.28562   1.34865
                            1.00500   1.00500   0.56500   1.10311   0.87344   0.96226
                           -1.88700  -2.68100   0.55600  -2.11646  -2.73786   0.24542
                            0.28100   3.63300   0.71600   0.66575   2.93962   1.05810
                            0.24500  -0.46800   2.90700   0.02068  -0.14610   2.99120
                           -3.40800  -1.13100  -2.24400  -3.48625  -1.28905  -2.15340
                           -0.12800  -1.08100   0.03100   0.41619  -0.82270   0.89335
                           -2.05200   0.09800  -0.51500  -1.65684   0.35140  -1.04017
                           -1.18200  -0.45900  -1.66800  -0.84561  -0.26039  -1.91637
                            2.67700   2.15600   1.96000   3.09707   2.25779   2.12678
                           -2.41800  -0.31800   1.12800  -2.78024   0.30720   1.04037
                            2.89900   0.11800  -1.45400   3.01530  -0.00313  -1.92620
                           -0.00300  -1.20700  -0.62100  -0.36533  -1.79559  -1.18169
                            1.98300   0.17300  -0.29400   2.30417   0.40159  -0.66488
                           -1.28400   1.66400  -1.46000  -1.70080   1.23069  -1.51147
                           -1.23300   0.47100   0.00700  -0.80053   0.16991   0.23099
                           -1.24200   2.10200   0.24500  -0.82454   2.12807   0.38389
vasprun1.xml_5              0.43200   1.13000  -0.04600   0.25021   1.24772   0.19763
                           -0.39400   3.96400  -2.52700  -0.24041   3.54600  -2.46577
                           -2.73000  -3.32200   0.10400  -2.44324  -3.11090   0.24710
                           -2.96300   1.93500  -2.15400  -2.71757   1.61170  -1.93212
                            3.12900  -0.91600   0.69800   2.89056  -0.54921   0.97544
                           -0.61900   1.13700   5.50000  -0.99397   1.49921   5.91360
                           -0.15800  -4.07600   0.60500  -0.22525  -3.44144   0.65808
                           -1.11000  -1.88700  -0.55000  -1.04615  -1.89218  -0.64045
                           -4.40500  -4.53900  -3.06000  -4.91180  -4.38520  -3.44241
                            3.35900  -0.59700  -0.27700   3.26681  -0.91587  -0.05698
                           -3.89500  -0.24300   1.34400  -3.89511   0.02867   1.02451
                            3.11100  -0.47500  -0.14100   3.38597  -0.28622  -0.09955
                            0.21700   1.13300   0.22100   0.30072   1.34797  -0.18260
                            1.03400  -3.10000  -4.68900   1.40121  -3.70712  -5.12559
                           -4.19400  -0.53600   1.27500  -4.19600  -0.65037   1.24453
                           -2.16900   0.12400   0.40700  -1.76505   0.11308   0.90879
                           -0.18500  -0.64300  -0.63700   0.04376  -0.81119  -0.81400
                            1.37700   4.39200   1.36600   1.49107   4.51716   1.51832
                            2.78600   1.30200  -1.95000   2.67113   0.87172  -1.46870
                           -0.87300   5.43400  -0.87700  -0.61990   6.10400  -0.81590
                           -0.24200   2.25200   3.95500  -0.00325   1.69548   3.62921
                           -2.97800  -1.13700   1.70600  -2.69929  -1.30126   1.81978
                            4.89700   0.87400   3.47200   4.61508   1.08548   3.59899
                            5.28900   2.62800  -0.49100   4.70862   3.16194  -0.30880
                            2.38000   1.44800  -3.03900   2.06876   1.36545  -3.21687
                            0.70000   1.27800  -0.93800   0.85267   0.35581  -1.06392
                           -5.51900  -0.40700  -2.11400  -5.66622  -0.42250  -1.80482
                            1.17700   1.28400   2.70400   0.99762   1.31757   2.10048
                           -1.59600   0.25400  -0.09300  -1.35903   0.73853   0.15047
                            0.46400  -3.64400   1.62400   0.44274  -3.54506   1.89525
                           -1.54500  -2.11100  -1.32700  -1.51645  -2.02374  -1.19727
                           -0.19500   0.67900   3.07800  -0.26450   0.66575   2.67194
                           -0.14500  -3.08100  -0.40200   0.10912  -2.54380  -0.20422
                           -0.53400  -2.31800   2.42400  -0.76300  -1.25778   2.15376
                            2.52000  -3.15700  -1.87200   1.56211  -2.56449  -1.59260
                            2.86800  -4.24500   0.51700   2.27026  -5.42918   0.17832
                            1.68600   0.07400   0.34900   2.04901  -0.11345   0.73932
                           -1.19100   1.03300  -0.99500  -1.44525   0.72788  -1.18793
                            1.09800   2.10300  -3.06600   1.27650   2.10262  -2.25481
                            1.10900   2.35700   1.97400   0.79738   2.13475   1.62791
                           -0.83600  -1.80500  -0.37000  -0.85620  -1.92333  -0.68567
                            3.73300   0.05600  -2.17000   4.27773   0.52509  -2.03077
                            0.29400   0.93400   0.39900   0.27369   1.11200  -0.11368
                           -1.68900  -3.15800  -0.74900  -1.55723  -3.34452  -0.85126
                            0.70200  -0.98000  -0.20600   0.28928  -1.74358  -0.13010
                           -0.67700   0.27500  -0.29600  -0.85784   0.39640  -0.22031
                            2.29000   2.59400   0.49700   2.20307   2.87374   0.31877
                            1.40700   1.53100   0.46700   0.63695   1.11376   0.33316
                            0.71500   1.82400   0.70200   0.78166   1.67882   1.11789
                           -1.64400  -1.75400   0.58100  -1.87619  -1.86726   0.20683
                           -1.27900   3.14800   0.59400  -0.74780   2.43222   1.08350
                            0.33800   0.16400   2.72300   0.28125   0.51677   2.79840
                           -3.83200  -0.98800  -1.89100  -3.79596  -1.09659  -1.95690
                           -0.32600  -1.44800   1.19600   0.32386  -1.21481   2.09109
                           -1.16300  -0.29000  -0.85000  -0.91594  -0.05837  -1.35520
                           -1.49900  -1.07700  -2.47500  -1.15882  -0.76462  -2.61611
                            2.52700   2.18300   1.48200   2.95065   2.14382   1.74981
                           -2.87800  -0.38500   1.05600  -3.31069   0.11710   1.03775
                            3.28900   0.01400  -0.98500   3.33359  -0.15993  -1.44080
                            0.29300  -0.86200  -0.79900   0.06544  -1.34444  -1.34778
                            1.81000   0.06000  -0.37500   2.12794   0.34550  -0.78974
                           -1.27400   1.69100  -1.12000  -1.69743   1.19338  -1.25872
                           -1.12700   0.13300  -0.03500  -0.62584  -0.18682   0.11637
                           -1.16700   1.76100   0.54900  -0.82503   1.96811   0.56535
