 
 Forces:
 
 Structure          fitdata                        truedata
 ------------------------------------------------------------------------------
vasprun1.xml_1              0.00000   0.00000   0.00000  -0.00000  -0.00000  -0.00000
                            0.00000   0.00000   0.00000  -0.00000   0.00000  -0.00000
vasprun1.xml_2             -0.37900   1.15800  -1.29100  -0.09808   1.52520  -0.88640
                           -0.54800   3.52500  -1.82700  -0.30607   3.10207  -2.49632
                           -1.36700  -2.36100   1.07300  -1.58438  -2.80746   0.97211
                           -3.72800   3.41500  -2.11000  -3.68384   3.38451  -2.21111
                            1.67600   0.14600   1.10100   1.71387   0.86919   1.48049
                           -2.06800   1.68700   3.53400  -2.06628   1.72089   3.81069
                           -0.15300  -4.17400   0.67900  -0.03603  -4.39711   0.11589
                            0.22700  -1.93100  -0.55300   0.13053  -1.82641  -0.54999
                           -2.25300  -5.48700  -2.08300  -3.14681  -5.63820  -2.38821
                            3.31500   0.07700  -0.29700   3.20425   0.07874  -0.01112
                           -3.00100  -1.23200   4.96800  -3.00224  -0.81094   4.83074
                            3.13900  -1.76900   1.69000   3.51816  -1.46324   1.30783
                           -0.43900   0.71100   0.16100  -0.36086   0.88243   0.11123
                            1.33000  -2.45900  -4.73400   1.58160  -2.67586  -4.99635
                           -2.67200  -1.37000   0.33400  -2.59336  -1.30033   0.17592
                           -1.20600  -1.06300   0.86500  -0.57098  -0.96045   0.70922
                           -0.23500  -0.25800  -1.97600  -0.12395  -0.29814  -2.04406
                            0.76700   4.83100   2.43300   0.88802   4.94876   2.65414
                            1.98600  -0.70700  -1.87200   2.09279  -0.79328  -1.21107
                           -1.70200   5.75300  -1.37000  -2.14943   5.69930  -1.46068
                           -1.12600   0.31700   2.63900  -0.58147   0.26594   2.49704
                           -2.58000  -0.80700   0.91100  -2.45209  -1.01960   1.12693
                            6.56600  -0.43000   1.78300   6.10057  -0.26761   1.96810
                            3.19300   1.84300  -0.27500   2.57877   2.08089  -0.00999
                           -0.43900   4.21300  -2.24300  -0.81377   3.80810  -2.30747
                            0.99300   0.53900   0.77800   1.26591   0.34847   0.60444
                           -4.32600  -0.15300  -1.68300  -4.48874  -0.28255  -1.53697
                            0.21400  -0.18400   2.64200   0.39012  -0.03007   2.32611
                           -0.93700   2.00600   0.20700  -0.91367   2.31080   0.20879
                            0.80600  -4.86500   2.30500   1.01638  -5.32003   2.67385
                           -0.94900  -2.17500  -0.36100  -1.19880  -2.26029  -0.26746
                            0.20400  -0.94100   1.74600  -0.06627  -0.47763   1.59230
                           -0.03800  -2.31600   1.02200   0.05390  -2.01339   1.45065
                            0.65500  -1.37100   1.70000   0.36103  -0.73599   1.60065
                            0.09400  -0.65900  -5.78700   0.00094  -0.58066  -6.17321
                            3.54200  -3.06700   0.23200   3.46504  -3.70169   0.48187
                            1.13000   1.44000   1.65300   1.27984   1.11768   1.74916
                            0.55000  -0.19600  -0.94700   0.50551  -0.37041  -1.04793
                            1.08500   2.96400  -1.44900   0.52490   3.05831  -0.86914
                            1.56100   0.46100   0.48600   1.01363   0.87113   0.60429
                           -0.02900  -4.41800  -2.18100   0.19925  -5.07407  -2.78930
                            2.68100   1.11600  -0.13900   3.04479   1.07529   0.07663
                            0.15300   1.78500  -0.28000   0.45173   2.56680  -0.07351
                           -0.24000  -2.28200  -2.73400  -0.40777  -2.44679  -2.98117
                            0.53300  -3.31300   0.79000   0.54798  -3.77199   0.83336
                           -1.67500   1.38800  -0.43100  -1.99485   1.48636  -0.42406
                            0.77300   2.20600  -0.69900   0.78602   2.62191  -0.81132
                           -0.56700   4.27400   2.03500  -1.07643   3.76626   2.65258
                            1.74800  -0.10500   0.13200   1.80337  -0.27156   0.46821
                           -2.17300  -3.46800   0.47400  -2.50965  -3.60446   0.13559
                            2.23700   2.54500   0.57300   2.60756   2.29567   0.87115
                           -0.42500  -1.62000   2.69200  -0.35579  -1.33600   2.68011
                           -2.74100  -1.24400  -2.58500  -2.46249  -1.41833  -2.30032
                           -0.07800  -0.34800  -1.53500   0.16908  -0.02982  -1.18271
                           -2.84400   0.42100   0.67700  -2.69857   0.91481   0.16543
                           -0.06200   1.48000   0.14100   0.10941   1.29214  -0.24906
                            2.37900   1.95500   1.99800   2.53815   2.14647   2.29144
                           -1.39700   0.18500   0.56300  -1.43175   0.63827   0.66309
                            0.98300   0.50200  -1.38000   1.31921   0.71582  -1.83109
                           -0.65200  -1.67300  -0.65400  -0.95818  -2.33005  -1.13257
                            2.09900   0.45300  -0.13600   2.02025   0.30428  -0.37801
                           -1.12600   0.97000  -1.89200  -1.35821   0.57044  -1.89299
                           -1.40100   1.58600   0.24100  -0.92638   1.21462   0.38247
                           -1.06000   2.49800   0.24600  -0.86537   2.63288   0.24107
vasprun1.xml_3             -0.20000   1.32500  -0.85700  -0.02152   1.69939  -0.52117
                           -0.40100   3.71400  -1.92400  -0.23597   3.19448  -2.56452
                           -1.49800  -2.83500   0.66700  -1.74557  -3.29750   0.62188
                           -3.76800   3.25100  -2.12800  -3.77897   3.10424  -2.04252
                            2.18700  -0.40000   0.99700   2.10832   0.33747   1.26768
                           -1.63500   1.35600   3.86600  -1.71943   1.59207   4.28396
                           -0.14700  -4.23300   0.86700  -0.10103  -4.21224   0.28877
                           -0.20100  -1.99800  -0.78100  -0.28736  -1.93380  -0.72280
                           -3.14700  -5.23600  -2.60200  -4.08392  -5.22093  -2.81224
                            3.36600  -0.01800  -0.49600   3.28908  -0.23074  -0.10957
                           -3.23500  -0.97700   4.00400  -3.25263  -0.60492   3.73802
                            3.07800  -1.49500   0.97200   3.51336  -1.10445   0.87396
                           -0.28700   0.89900   0.15900  -0.20697   0.98616   0.11802
                            1.46400  -2.72300  -4.92700   1.65103  -3.12014  -5.26426
                           -2.90400  -1.03800   0.55800  -2.86755  -0.99894   0.37168
                           -1.66300  -0.71300   0.83700  -0.93601  -0.59395   0.83246
                           -0.18600  -0.21900  -1.40100  -0.16950  -0.37646  -1.64106
                            1.08800   4.43700   2.17000   1.27762   4.53338   2.40581
                            1.97300  -0.40400  -1.95400   2.03023  -0.39049  -1.37028
                           -0.91000   6.83400  -1.14300  -1.25888   6.99173  -1.24775
                           -1.00100   1.05100   3.07600  -0.46609   0.79387   2.77767
                           -2.84100  -0.63300   1.09800  -2.53643  -0.96763   1.26915
                            6.27600   0.06700   2.47300   5.76242   0.38415   2.80291
                            3.85500   2.29000  -0.47100   3.41388   2.59054  -0.05088
                            0.25400   3.61800  -2.77600  -0.16529   3.14203  -2.77615
                            1.11900   0.64700   0.32300   1.22154   0.32490   0.16998
                           -4.95100  -0.09900  -1.68100  -5.10628  -0.20936  -1.50454
                            0.44100   0.59100   2.68500   0.65116   0.79321   2.27461
                           -1.24800   1.56900   0.04800  -1.15917   1.83115   0.28084
                            0.64100  -4.83300   2.00200   0.84087  -5.19872   2.31587
                           -1.15600  -2.13000  -0.74200  -1.27624  -2.13844  -0.64499
                            0.20300  -0.41600   2.00000  -0.09219   0.08693   1.78906
                           -0.05900  -2.78700   0.49100   0.08269  -2.43609   0.87118
                            0.20500  -1.41600   2.11000  -0.03254  -0.61163   2.02975
                            0.57000  -1.13300  -4.66200   0.32749  -1.03486  -4.85870
                            3.07700  -4.49000   0.30800   3.01870  -5.38143   0.30663
                            1.32400   0.93100   1.52100   1.64838   0.66760   1.67059
                           -0.21500   0.15900  -1.06800  -0.29105   0.03434  -1.14826
                            1.48000   2.62000  -1.83200   0.82900   2.67158  -1.21921
                            1.66900   0.97700   1.01600   1.07322   1.31428   1.00364
                           -0.31200  -4.11700  -1.67300  -0.13358  -4.48927  -2.12992
                            3.60200   0.70800  -0.47600   3.90170   0.79926  -0.26008
                            0.20400   1.68500  -0.16300   0.49014   2.31561  -0.08520
                           -0.71500  -2.87500  -2.00200  -0.92412  -3.08507  -2.21720
                            0.50700  -2.88500   0.58800   0.47654  -3.38240   0.57647
                           -1.43500   0.97200  -0.41600  -1.76628   1.08662  -0.45124
                            1.28700   2.54300  -0.05700   1.31914   2.90866  -0.18781
                           -0.27600   3.88400   1.70000  -0.94795   3.36700   2.13932
                            1.41800   0.37700   0.47400   1.48740   0.19882   0.70521
                           -2.03200  -3.22900   0.56900  -2.35167  -3.36182   0.23337
                            1.36000   3.10400   0.61500   1.85053   2.73367   0.98750
                           -0.41200  -1.02000   2.93300  -0.22427  -0.78550   2.96363
                           -3.36500  -1.30700  -2.55900  -3.02958  -1.40288  -2.28155
                           -0.03300  -0.66100  -0.75800   0.36746  -0.42520  -0.30911
                           -2.52700   0.26200   0.01900  -2.38168   0.68341  -0.57952
                           -0.51600   0.75600  -0.63300  -0.38065   0.58813  -1.15054
                            2.66400   2.23800   1.77200   2.96632   2.33853   2.13623
                           -2.12600  -0.05700   0.97800  -2.13858   0.44312   0.98528
                            1.93000   0.09900  -1.51700   2.18699   0.32456  -2.04218
                           -0.40600  -1.46400  -0.61200  -0.67540  -2.12092  -1.11439
                            2.28900   0.44100  -0.25800   2.26676   0.36355  -0.53037
                           -1.36500   1.12500  -1.76500  -1.58203   0.86019  -1.81036
                           -1.37700   1.06700   0.16100  -0.89656   0.65475   0.32349
                           -0.97900   2.24700   0.28000  -0.82903   2.37640   0.23377
vasprun1.xml_4              0.04000   1.17100  -0.35700   0.10612   1.59241  -0.17839
                           -0.29900   3.95300  -2.01400  -0.23699   3.34591  -2.57179
                           -1.77900  -3.09500   0.39100  -1.97122  -3.53472   0.44371
                           -3.54200   2.69000  -2.22100  -3.49596   2.44899  -1.95666
                            2.69000  -0.83000   1.02900   2.49899  -0.11116   1.12911
                           -1.16700   1.10000   4.45000  -1.35693   1.54822   4.99704
                           -0.22400  -4.09400   1.01700  -0.21131  -3.88531   0.43205
                           -0.61900  -1.87900  -0.79800  -0.71972  -1.91846  -0.73836
                           -3.88100  -4.84600  -3.08000  -4.79870  -4.71672  -3.14833
                            3.36900  -0.20200  -0.59700   3.33936  -0.58919  -0.11284
                           -3.57800  -0.62100   2.53900  -3.63297  -0.29193   2.23416
                            3.04900  -1.15600   0.21400   3.51681  -0.68165   0.34432
                           -0.07600   1.12800   0.04400   0.01957   1.13986  -0.00660
                            1.43900  -3.00900  -4.96400   1.58262  -3.55700  -5.43078
                           -3.27900  -0.72800   1.01200  -3.35332  -0.76282   0.83421
                           -2.21800  -0.31900   0.83200  -1.42196  -0.22948   0.89787
                           -0.06400  -0.28300  -0.94300  -0.10184  -0.54863  -1.29784
                            1.26600   4.32300   1.74700   1.48057   4.40804   1.98369
                            2.15400   0.11600  -1.98400   2.20624   0.18818  -1.46427
                           -0.44700   6.79700  -0.89700  -0.70203   6.95061  -0.99717
                           -0.72100   1.71300   3.53400  -0.28224   1.28082   3.15360
                           -3.06900  -0.63100   1.40700  -2.61874  -1.05765   1.53873
                            5.71500   0.53700   2.97700   5.16995   0.88223   3.35810
                            4.55800   2.63700  -0.69200   4.17735   2.96690  -0.19951
                            1.21300   2.54600  -3.08500   0.85446   2.16568  -3.02728
                            1.07700   0.75700  -0.18000   1.03733   0.32245  -0.37367
                           -5.41700  -0.22000  -1.83500  -5.62820  -0.23984  -1.61001
                            0.66300   1.04000   2.72400   0.86348   1.24829   2.20632
                           -1.49900   0.94400  -0.22200  -1.32215   1.19313   0.22060
                            0.52700  -4.21700   1.74300   0.68642  -4.44675   1.98362
                           -1.41400  -2.14700  -1.07600  -1.35983  -2.04236  -0.96092
                            0.10300  -0.07600   2.37100  -0.16741   0.48567   2.13248
                            0.00100  -3.06100  -0.02500   0.14773  -2.61296   0.31675
                           -0.31200  -1.71400   2.34100  -0.42478  -0.83619   2.32144
                            1.30100  -1.89900  -3.11100   0.86614  -1.73153  -3.12509
                            2.78800  -4.86100   0.29700   2.69562  -5.78266   0.12299
                            1.45300   0.31800   1.14500   1.94062   0.19590   1.25973
                           -0.88000   0.46100  -1.13100  -0.98391   0.40436  -1.22178
                            1.65000   2.29100  -2.33900   1.05000   2.32951  -1.81206
                            1.60800   1.44000   1.54400   1.02528   1.68254   1.41816
                           -0.58900  -2.94300  -1.28600  -0.49338  -3.24021  -1.50348
                            4.18700   0.42900  -1.23500   4.41847   0.60687  -1.00688
                            0.17100   1.31000  -0.03100   0.41301   1.79235  -0.04758
                           -1.07600  -3.13400  -1.36700  -1.29325  -3.34727  -1.53565
                            0.53000  -2.05400   0.32900   0.42385  -2.64034   0.31065
                           -1.08000   0.61000  -0.23500  -1.41211   0.74031  -0.32430
                            1.83500   2.68300   0.27700   1.82057   2.99505   0.12510
                            0.25700   2.79000   1.13700  -0.39726   2.28562   1.34865
                            1.00200   1.04300   0.79300   1.10311   0.87344   0.96226
                           -1.81000  -2.57700   0.56500  -2.11646  -2.73786   0.24542
                            0.12400   3.44300   0.62200   0.66575   2.93962   1.05810
                           -0.27500  -0.31900   2.93400   0.02068  -0.14610   2.99120
                           -3.84800  -1.25800  -2.37700  -3.48625  -1.28905  -2.15340
                           -0.16900  -0.95500   0.26100   0.41619  -0.82270   0.89335
                           -1.78300   0.01200  -0.43200  -1.65684   0.35140  -1.04017
                           -0.96200  -0.17200  -1.34700  -0.84561  -0.26039  -1.91637
                            2.68800   2.29000   1.73900   3.09707   2.25779   2.12678
                           -2.64600  -0.18600   1.11400  -2.78024   0.30720   1.04037
                            2.84900  -0.24700  -1.37400   3.01530  -0.00313  -1.92620
                           -0.26300  -1.18700  -0.69100  -0.36533  -1.79559  -1.18169
                            2.27000   0.40800  -0.35900   2.30417   0.40159  -0.66488
                           -1.46300   1.44600  -1.43700  -1.70080   1.23069  -1.51147
                           -1.22300   0.55800   0.06700  -0.80053   0.16991   0.23099
                           -0.90800   1.93200   0.52500  -0.82454   2.12807   0.38389
vasprun1.xml_5              0.30000   0.75000   0.23600   0.25021   1.24772   0.19763
                           -0.21100   4.24800  -2.00200  -0.24041   3.54600  -2.46577
                           -2.37300  -2.71300   0.10800  -2.44324  -3.11090   0.24710
                           -2.85500   1.88400  -2.38700  -2.71757   1.61170  -1.93212
                            3.20300  -1.21100   1.02300   2.89056  -0.54921   0.97544
                           -0.66500   0.80900   5.30800  -0.99397   1.49921   5.91360
                           -0.28600  -3.81000   1.22900  -0.22525  -3.44144   0.65808
                           -0.95100  -1.78300  -0.67100  -1.04615  -1.89218  -0.64045
                           -4.07100  -4.55300  -3.51700  -4.91180  -4.38520  -3.44241
                            3.25400  -0.40900  -0.59800   3.26681  -0.91587  -0.05698
                           -3.80300  -0.26600   1.22800  -3.89511   0.02867   1.02451
                            2.90700  -0.83900  -0.35300   3.38597  -0.28622  -0.09955
                            0.17100   1.38900  -0.09600   0.30072   1.34797  -0.18260
                            1.31900  -3.08200  -4.58400   1.40121  -3.70712  -5.12559
                           -4.03900  -0.54900   1.38600  -4.19600  -0.65037   1.24453
                           -2.57500   0.06100   0.81800  -1.76505   0.11308   0.90879
                            0.13700  -0.48100  -0.40100   0.04376  -0.81119  -0.81400
                            1.29600   4.40600   1.27700   1.49107   4.51716   1.51832
                            2.59900   0.81800  -1.92200   2.67113   0.87172  -1.46870
                           -0.44100   6.12900  -0.67900  -0.61990   6.10400  -0.81590
                           -0.29600   2.23200   4.06700  -0.00325   1.69548   3.62921
                           -3.24800  -0.79700   1.73500  -2.69929  -1.30126   1.81978
                            5.17000   0.79100   3.24600   4.61508   1.08548   3.59899
                            5.13100   2.86900  -0.81800   4.70862   3.16194  -0.30880
                            2.33500   1.64100  -3.33700   2.06876   1.36545  -3.21687
                            0.99800   0.82900  -0.81200   0.85267   0.35581  -1.06392
                           -5.42800  -0.50200  -2.08200  -5.66622  -0.42250  -1.80482
                            0.80700   1.16200   2.75000   0.99762   1.31757   2.10048
                           -1.64600   0.51000  -0.45100  -1.35903   0.73853   0.15047
                            0.36800  -3.43500   1.66500   0.44274  -3.54506   1.89525
                           -1.72900  -2.21400  -1.39300  -1.51645  -2.02374  -1.19727
                           -0.05800   0.16000   2.96300  -0.26450   0.66575   2.67194
                           -0.02200  -3.06500  -0.54000   0.10912  -2.54380  -0.20422
                           -0.78100  -2.08600   2.12200  -0.76300  -1.25778   2.15376
                            2.17500  -2.91000  -1.64300   1.56211  -2.56449  -1.59260
                            2.38900  -4.69700   0.41100   2.27026  -5.42918   0.17832
                            1.42500  -0.11900   0.67200   2.04901  -0.11345   0.73932
                           -1.34900   0.70600  -1.10200  -1.44525   0.72788  -1.18793
                            1.73600   2.05300  -2.63000   1.27650   2.10262  -2.25481
                            1.37000   1.99000   1.86000   0.79738   2.13475   1.62791
                           -0.86400  -1.67500  -0.64900  -0.85620  -1.92333  -0.68567
                            4.07600   0.32700  -2.30900   4.27773   0.52509  -2.03077
                            0.11100   0.79800   0.01000   0.27369   1.11200  -0.11368
                           -1.32700  -3.17100  -0.70500  -1.55723  -3.34452  -0.85126
                            0.47900  -1.08200  -0.13700   0.28928  -1.74358  -0.13010
                           -0.59100   0.23800  -0.08800  -0.85784   0.39640  -0.22031
                            2.28400   2.65300   0.42900   2.20307   2.87374   0.31877
                            1.17100   1.47700   0.36100   0.63695   1.11376   0.33316
                            0.64500   1.81000   0.91300   0.78166   1.67882   1.11789
                           -1.59600  -1.64700   0.49600  -1.87619  -1.86726   0.20683
                           -1.28200   3.04300   0.61800  -0.74780   2.43222   1.08350
                           -0.11500   0.45000   2.68900   0.28125   0.51677   2.79840
                           -4.17200  -1.15500  -2.03000  -3.79596  -1.09659  -1.95690
                           -0.42700  -1.17700   1.29800   0.32386  -1.21481   2.09109
                           -0.97500  -0.28600  -0.79700  -0.91594  -0.05837  -1.35520
                           -1.25100  -0.76400  -2.10000  -1.15882  -0.76462  -2.61611
                            2.49900   2.30700   1.34000   2.95065   2.14382   1.74981
                           -3.07200  -0.31500   1.13800  -3.31069   0.11710   1.03775
                            3.25700  -0.39400  -0.89500   3.33359  -0.15993  -1.44080
                            0.02300  -0.83000  -0.88000   0.06544  -1.34444  -1.34778
                            2.05900   0.31100  -0.44800   2.12794   0.34550  -0.78974
                           -1.41000   1.41000  -1.09500  -1.69743   1.19338  -1.25872
                           -0.95700   0.11300  -0.05000  -0.62584  -0.18682   0.11637
                           -0.83300   1.64600   0.80500  -0.82503   1.96811   0.56535
