 
 Forces:
 
 Structure          fitdata                        truedata
 ------------------------------------------------------------------------------
vasprun1.xml_1              0.00000   0.00000   0.00000  -0.00000  -0.00000  -0.00000
                            0.00000   0.00000   0.00000  -0.00000   0.00000  -0.00000
vasprun1.xml_2             -0.20900   1.44800  -1.38700  -0.09808   1.52520  -0.88640
                           -0.55400   3.30500  -2.06500  -0.30607   3.10207  -2.49632
                           -1.62900  -2.50300   1.06600  -1.58438  -2.80746   0.97211
                           -3.82200   3.02800  -1.95300  -3.68384   3.38451  -2.21111
                            1.22400   0.39800   1.34700   1.71387   0.86919   1.48049
                           -1.88800   1.73500   3.44500  -2.06628   1.72089   3.81069
                           -0.29900  -4.54100   0.24000  -0.03603  -4.39711   0.11589
                            0.10700  -2.19700  -0.30500   0.13053  -1.82641  -0.54999
                           -2.30000  -5.60200  -2.14300  -3.14681  -5.63820  -2.38821
                            3.11500   0.11300   0.05900   3.20425   0.07874  -0.01112
                           -3.38600  -1.09800   4.58300  -3.00224  -0.81094   4.83074
                            3.40500  -1.65400   1.91400   3.51816  -1.46324   1.30783
                           -0.62700   0.64700   0.62700  -0.36086   0.88243   0.11123
                            1.31100  -2.56500  -4.77900   1.58160  -2.67586  -4.99635
                           -2.67900  -1.34800   0.05800  -2.59336  -1.30033   0.17592
                           -0.64000  -0.89700   0.66000  -0.57098  -0.96045   0.70922
                           -0.45500  -0.62600  -1.92200  -0.12395  -0.29814  -2.04406
                            0.65600   4.80800   2.61100   0.88802   4.94876   2.65414
                            1.91000  -0.70700  -2.03700   2.09279  -0.79328  -1.21107
                           -1.91400   5.40600  -1.41900  -2.14943   5.69930  -1.46068
                           -0.61400   0.36000   2.81400  -0.58147   0.26594   2.49704
                           -2.65200  -1.02200   0.83400  -2.45209  -1.01960   1.12693
                            6.50500  -0.53500   2.14300   6.10057  -0.26761   1.96810
                            3.14000   1.90000  -0.28600   2.57877   2.08089  -0.00999
                           -0.64400   4.54200  -1.91800  -0.81377   3.80810  -2.30747
                            0.90500   0.76500   0.60600   1.26591   0.34847   0.60444
                           -4.43500  -0.49400  -1.77000  -4.48874  -0.28255  -1.53697
                            0.66700   0.27800   2.34500   0.39012  -0.03007   2.32611
                           -0.82100   2.09700   0.28700  -0.91367   2.31080   0.20879
                            0.74500  -4.91400   2.08000   1.01638  -5.32003   2.67385
                           -1.00700  -2.10000  -0.04200  -1.19880  -2.26029  -0.26746
                           -0.05600  -0.69000   1.78000  -0.06627  -0.47763   1.59230
                           -0.02100  -1.98100   0.82600   0.05390  -2.01339   1.45065
                            0.57400  -1.37900   1.69300   0.36103  -0.73599   1.60065
                            0.05000  -0.68500  -5.74900   0.00094  -0.58066  -6.17321
                            3.90200  -3.16800   0.20100   3.46504  -3.70169   0.48187
                            1.35500   1.44200   1.62700   1.27984   1.11768   1.74916
                            0.56600  -0.19400  -1.21500   0.50551  -0.37041  -1.04793
                            0.77400   3.05500  -1.32400   0.52490   3.05831  -0.86914
                            1.78200   0.51800   0.29600   1.01363   0.87113   0.60429
                           -0.17700  -4.50700  -2.45300   0.19925  -5.07407  -2.78930
                            2.83800   1.02200  -0.08300   3.04479   1.07529   0.07663
                            0.37500   1.65600   0.16800   0.45173   2.56680  -0.07351
                           -0.25500  -2.78500  -2.92300  -0.40777  -2.44679  -2.98117
                            0.83700  -3.40400   0.83300   0.54798  -3.77199   0.83336
                           -1.83200   1.25300  -0.46200  -1.99485   1.48636  -0.42406
                            0.76800   2.32700  -1.01400   0.78602   2.62191  -0.81132
                           -0.78800   4.01700   2.36400  -1.07643   3.76626   2.65258
                            1.99600  -0.21800   0.03100   1.80337  -0.27156   0.46821
                           -2.09600  -3.51000   0.62000  -2.50965  -3.60446   0.13559
                            2.48900   2.61600   0.58300   2.60756   2.29567   0.87115
                           -0.33000  -1.19500   2.47000  -0.35579  -1.33600   2.68011
                           -2.52500  -1.24600  -2.64600  -2.46249  -1.41833  -2.30032
                            0.01700  -0.25200  -1.39300   0.16908  -0.02982  -1.18271
                           -3.15600   0.44800   0.62100  -2.69857   0.91481   0.16543
                           -0.11500   1.84400   0.32500   0.10941   1.29214  -0.24906
                            2.43100   1.99700   1.92700   2.53815   2.14647   2.29144
                           -1.30400   0.36900   0.81600  -1.43175   0.63827   0.66309
                            1.03600   0.75900  -1.52000   1.31921   0.71582  -1.83109
                           -0.89700  -1.70900  -0.47400  -0.95818  -2.33005  -1.13257
                            1.76900   0.35000  -0.35000   2.02025   0.30428  -0.37801
                           -1.04000   0.89700  -2.09800  -1.35821   0.57044  -1.89299
                           -0.96900   1.67600   0.40800  -0.92638   1.21462   0.38247
                           -1.11400   2.65300   0.42200  -0.86537   2.63288   0.24107
vasprun1.xml_3             -0.07100   1.51400  -0.96100  -0.02152   1.69939  -0.52117
                           -0.44400   3.55100  -2.26700  -0.23597   3.19448  -2.56452
                           -1.77800  -3.03700   0.61800  -1.74557  -3.29750   0.62188
                           -3.93000   2.72600  -1.98300  -3.77897   3.10424  -2.04252
                            1.73100  -0.16400   1.07300   2.10832   0.33747   1.26768
                           -1.34600   1.49700   3.86200  -1.71943   1.59207   4.28396
                           -0.23700  -4.55300   0.39700  -0.10103  -4.21224   0.28877
                           -0.32300  -2.26900  -0.59000  -0.28736  -1.93380  -0.72280
                           -3.16000  -5.37300  -2.58800  -4.08392  -5.22093  -2.81224
                            3.22700  -0.05100  -0.10500   3.28908  -0.23074  -0.10957
                           -3.57800  -0.88300   3.82300  -3.25263  -0.60492   3.73802
                            3.39500  -1.33600   1.36400   3.51336  -1.10445   0.87396
                           -0.39500   0.76900   0.58000  -0.20697   0.98616   0.11802
                            1.28900  -2.86000  -4.98300   1.65103  -3.12014  -5.26426
                           -2.85200  -1.02900   0.30800  -2.86755  -0.99894   0.37168
                           -1.21500  -0.56800   0.47700  -0.93601  -0.59395   0.83246
                           -0.30300  -0.46300  -1.44600  -0.16950  -0.37646  -1.64106
                            0.86500   4.30800   2.35500   1.27762   4.53338   2.40581
                            1.87600  -0.32700  -2.12900   2.03023  -0.39049  -1.37028
                           -1.22000   6.38800  -1.21800  -1.25888   6.99173  -1.24775
                           -0.40200   1.19600   3.26500  -0.46609   0.79387   2.77767
                           -2.98700  -0.98300   1.05400  -2.53643  -0.96763   1.26915
                            6.13000   0.02800   2.83800   5.76242   0.38415   2.80291
                            3.96800   2.33700  -0.41000   3.41388   2.59054  -0.05088
                           -0.04700   3.97400  -2.41600  -0.16529   3.14203  -2.77615
                            0.93500   0.95000   0.26800   1.22154   0.32490   0.16998
                           -5.05800  -0.48500  -1.70800  -5.10628  -0.20936  -1.50454
                            0.85900   1.10800   2.51600   0.65116   0.79321   2.27461
                           -1.10600   1.57700   0.18900  -1.15917   1.83115   0.28084
                            0.62200  -4.87400   1.78600   0.84087  -5.19872   2.31587
                           -1.14500  -2.03800  -0.46900  -1.27624  -2.13844  -0.64499
                           -0.02300  -0.02200   2.07100  -0.09219   0.08693   1.78906
                           -0.07000  -2.50300   0.28800   0.08269  -2.43609   0.87118
                            0.15600  -1.34800   2.10600  -0.03254  -0.61163   2.02975
                            0.53700  -1.25400  -4.75700   0.32749  -1.03486  -4.85870
                            3.53000  -4.38000   0.22900   3.01870  -5.38143   0.30663
                            1.52200   0.84900   1.50400   1.64838   0.66760   1.67059
                           -0.26800   0.13100  -1.37700  -0.29105   0.03434  -1.14826
                            1.13200   2.59400  -1.82700   0.82900   2.67158  -1.21921
                            1.84700   1.07300   0.84000   1.07322   1.31428   1.00364
                           -0.55800  -4.27500  -1.82600  -0.13358  -4.48927  -2.12992
                            3.79700   0.60900  -0.46500   3.90170   0.79926  -0.26008
                            0.52100   1.65500   0.26700   0.49014   2.31561  -0.08520
                           -0.81100  -3.46100  -2.09600  -0.92412  -3.08507  -2.21720
                            0.77700  -2.97800   0.62600   0.47654  -3.38240   0.57647
                           -1.57200   0.73500  -0.42400  -1.76628   1.08662  -0.45124
                            1.45600   2.71400  -0.30200   1.31914   2.90866  -0.18781
                           -0.59200   3.60100   2.02300  -0.94795   3.36700   2.13932
                            1.66400   0.31100   0.30600   1.48740   0.19882   0.70521
                           -1.95900  -3.25500   0.71600  -2.35167  -3.36182   0.23337
                            1.61000   3.22700   0.66300   1.85053   2.73367   0.98750
                           -0.25600  -0.59100   2.75700  -0.22427  -0.78550   2.96363
                           -3.13900  -1.20600  -2.54400  -3.02958  -1.40288  -2.28155
                            0.06100  -0.54900  -0.67500   0.36746  -0.42520  -0.30911
                           -2.88400   0.29500  -0.05000  -2.38168   0.68341  -0.57952
                           -0.64100   1.06600  -0.65300  -0.38065   0.58813  -1.15054
                            2.78300   2.34200   1.69100   2.96632   2.33853   2.13623
                           -1.92900   0.13200   1.16300  -2.13858   0.44312   0.98528
                            1.94000   0.35400  -1.71700   2.18699   0.32456  -2.04218
                           -0.56200  -1.46200  -0.41100  -0.67540  -2.12092  -1.11439
                            1.98900   0.35100  -0.49500   2.26676   0.36355  -0.53037
                           -1.31500   1.09300  -1.90400  -1.58203   0.86019  -1.81036
                           -0.96500   1.13400   0.35700  -0.89656   0.65475   0.32349
                           -1.08000   2.38800   0.41400  -0.82903   2.37640   0.23377
vasprun1.xml_4              0.13000   1.21000  -0.51600   0.10612   1.59241  -0.17839
                           -0.36500   3.83800  -2.48400  -0.23699   3.34591  -2.57179
                           -2.06300  -3.29400   0.48300  -1.97122  -3.53472   0.44371
                           -3.72800   2.12600  -2.07400  -3.49596   2.44899  -1.95666
                            2.30100  -0.62600   0.87300   2.49899  -0.11116   1.12911
                           -0.85900   1.34400   4.53600  -1.35693   1.54822   4.99704
                           -0.23800  -4.35700   0.49700  -0.21131  -3.88531   0.43205
                           -0.79100  -2.27600  -0.61500  -0.71972  -1.91846  -0.73836
                           -3.90300  -4.99000  -2.91000  -4.79870  -4.71672  -3.14833
                            3.29100  -0.30300  -0.20200   3.33936  -0.58919  -0.11284
                           -3.91100  -0.56400   2.57800  -3.63297  -0.29193   2.23416
                            3.36500  -0.94600   0.55100   3.51681  -0.68165   0.34432
                           -0.06200   0.90400   0.41000   0.01957   1.13986  -0.00660
                            1.11000  -3.13400  -5.01600   1.58262  -3.55700  -5.43078
                           -3.28400  -0.76900   0.81500  -3.35332  -0.76282   0.83421
                           -1.87500  -0.19600   0.36800  -1.42196  -0.22948   0.89787
                           -0.04300  -0.45300  -1.10200  -0.10184  -0.54863  -1.29784
                            0.88100   4.16000   1.89800   1.48057   4.40804   1.98369
                            2.08700   0.35400  -2.13300   2.20624   0.18818  -1.46427
                           -0.77800   6.29900  -1.02800  -0.70203   6.95061  -0.99717
                           -0.10700   1.90000   3.66800  -0.28224   1.28082   3.15360
                           -3.21500  -1.08800   1.33000  -2.61874  -1.05765   1.53873
                            5.51500   0.53300   3.30700   5.16995   0.88223   3.35810
                            4.75200   2.68100  -0.55200   4.17735   2.96690  -0.19951
                            1.00000   2.82700  -2.76200   0.85446   2.16568  -3.02728
                            0.87000   1.12600  -0.26000   1.03733   0.32245  -0.37367
                           -5.56600  -0.59100  -1.86100  -5.62820  -0.23984  -1.61001
                            1.02600   1.51500   2.66300   0.86348   1.24829   2.20632
                           -1.33500   0.85500  -0.01700  -1.32215   1.19313   0.22060
                            0.52800  -4.29600   1.57500   0.68642  -4.44675   1.98362
                           -1.30300  -2.05600  -0.86300  -1.35983  -2.04236  -0.96092
                           -0.07100   0.48600   2.51200  -0.16741   0.48567   2.13248
                           -0.03600  -2.77500  -0.23200   0.14773  -2.61296   0.31675
                           -0.32800  -1.58100   2.33600  -0.42478  -0.83619   2.32144
                            1.28100  -2.15400  -3.36100   0.86614  -1.73153  -3.12509
                            3.27000  -4.65400   0.23400   2.69562  -5.78266   0.12299
                            1.61900   0.24000   1.08100   1.94062   0.19590   1.25973
                           -0.96600   0.41200  -1.44000  -0.98391   0.40436  -1.22178
                            1.36400   2.16300  -2.46400   1.05000   2.32951  -1.81206
                            1.76500   1.52900   1.51100   1.02528   1.68254   1.41816
                           -0.88600  -3.09900  -1.21600  -0.49338  -3.24021  -1.50348
                            4.38300   0.36500  -1.27800   4.41847   0.60687  -1.00688
                            0.58600   1.41500   0.38200   0.41301   1.79235  -0.04758
                           -1.21100  -3.74000  -1.37000  -1.29325  -3.34727  -1.53565
                            0.72500  -2.10200   0.38000   0.42385  -2.64034   0.31065
                           -1.20100   0.26900  -0.22200  -1.41211   0.74031  -0.32430
                            2.03000   2.86500  -0.05200   1.82057   2.99505   0.12510
                            0.07400   2.53400   1.37200  -0.39726   2.28562   1.34865
                            1.24200   1.08800   0.61100   1.10311   0.87344   0.96226
                           -1.69100  -2.61600   0.69900  -2.11646  -2.73786   0.24542
                            0.23100   3.54000   0.71000   0.66575   2.93962   1.05810
                           -0.03700   0.07400   2.76800   0.02068  -0.14610   2.99120
                           -3.66000  -1.06400  -2.27700  -3.48625  -1.28905  -2.15340
                           -0.03200  -0.79600   0.41800   0.41619  -0.82270   0.89335
                           -2.17500   0.02800  -0.46900  -1.65684   0.35140  -1.04017
                           -1.10600   0.08300  -1.53300  -0.84561  -0.26039  -1.91637
                            2.81600   2.42500   1.68000   3.09707   2.25779   2.12678
                           -2.56700  -0.02100   1.23900  -2.78024   0.30720   1.04037
                            2.77500  -0.00800  -1.56900   3.01530  -0.00313  -1.92620
                           -0.23400  -1.14300  -0.47100  -0.36533  -1.79559  -1.18169
                            2.02000   0.32800  -0.56900   2.30417   0.40159  -0.66488
                           -1.45600   1.42400  -1.46400  -1.70080   1.23069  -1.51147
                           -0.88000   0.71600   0.26700  -0.80053   0.16991   0.23099
                           -1.08300   2.02900   0.62300  -0.82454   2.12807   0.38389
vasprun1.xml_5              0.32000   0.73800  -0.01400   0.25021   1.24772   0.19763
                           -0.28300   4.24000  -2.59000  -0.24041   3.54600  -2.46577
                           -2.64400  -2.92400   0.31000  -2.44324  -3.11090   0.24710
                           -3.06000   1.36600  -2.20100  -2.71757   1.61170  -1.93212
                            2.83700  -1.09600   0.70300   2.89056  -0.54921   0.97544
                           -0.42000   1.10600   5.41400  -0.99397   1.49921   5.91360
                           -0.18800  -4.01500   0.65500  -0.22525  -3.44144   0.65808
                           -1.17700  -2.26900  -0.45000  -1.04615  -1.89218  -0.64045
                           -4.15800  -4.68000  -3.17200  -4.91180  -4.38520  -3.44241
                            3.23300  -0.56800  -0.19600   3.26681  -0.91587  -0.05698
                           -4.15000  -0.18500   1.38000  -3.89511   0.02867   1.02451
                            3.21500  -0.58100  -0.13800   3.38597  -0.28622  -0.09955
                            0.36300   1.09900   0.24500   0.30072   1.34797  -0.18260
                            0.87700  -3.13500  -4.61600   1.40121  -3.70712  -5.12559
                           -4.10900  -0.68600   1.21100  -4.19600  -0.65037   1.24453
                           -2.33300   0.13000   0.35100  -1.76505   0.11308   0.90879
                            0.26100  -0.59600  -0.62600   0.04376  -0.81119  -0.81400
                            0.77800   4.24200   1.43500   1.49107   4.51716   1.51832
                            2.63000   1.19300  -2.00000   2.67113   0.87172  -1.46870
                           -0.72700   5.62100  -0.87900  -0.61990   6.10400  -0.81590
                            0.21500   2.33500   4.06100  -0.00325   1.69548   3.62921
                           -3.33900  -1.29300   1.57100  -2.69929  -1.30126   1.81978
                            4.90600   0.76400   3.49600   4.61508   1.08548   3.59899
                            5.35800   2.94000  -0.64100   4.70862   3.16194  -0.30880
                            2.17000   1.65800  -3.07900   2.06876   1.36545  -3.21687
                            0.82000   1.23700  -1.00900   0.85267   0.35581  -1.06392
                           -5.60800  -0.73800  -2.08700  -5.66622  -0.42250  -1.80482
                            1.19000   1.56400   2.79000   0.99762   1.31757   2.10048
                           -1.46100   0.30600  -0.18900  -1.35903   0.73853   0.15047
                            0.38500  -3.55000   1.70000   0.44274  -3.54506   1.89525
                           -1.50500  -2.18200  -1.23700  -1.51645  -2.02374  -1.19727
                           -0.15800   0.78100   3.11800  -0.26450   0.66575   2.67194
                           -0.05700  -2.76900  -0.78900   0.10912  -2.54380  -0.20422
                           -0.76800  -1.89400   2.09100  -0.76300  -1.25778   2.15376
                            2.16100  -3.26200  -1.95100   1.56211  -2.56449  -1.59260
                            2.87900  -4.48100   0.37600   2.27026  -5.42918   0.17832
                            1.55300  -0.12500   0.53000   2.04901  -0.11345   0.73932
                           -1.38400   0.63600  -1.38800  -1.44525   0.72788  -1.18793
                            1.53600   1.95200  -2.81100   1.27650   2.10262  -2.25481
                            1.48300   2.04600   1.92800   0.79738   2.13475   1.62791
                           -1.15500  -1.71300  -0.40300  -0.85620  -1.92333  -0.68567
                            4.29900   0.30600  -2.34800   4.27773   0.52509  -2.03077
                            0.55700   1.00800   0.44700   0.27369   1.11200  -0.11368
                           -1.47200  -3.79400  -0.68800  -1.55723  -3.34452  -0.85126
                            0.55600  -0.98700  -0.04900   0.28928  -1.74358  -0.13010
                           -0.70300  -0.10900  -0.03500  -0.85784   0.39640  -0.22031
                            2.43900   2.83300   0.06100   2.20307   2.87374   0.31877
                            1.20200   1.27500   0.45900   0.63695   1.11376   0.33316
                            0.85000   1.90700   0.78500   0.78166   1.67882   1.11789
                           -1.41800  -1.74300   0.59100  -1.87619  -1.86726   0.20683
                           -1.43200   3.07800   0.73300  -0.74780   2.43222   1.08350
                            0.22300   0.72800   2.51700   0.28125   0.51677   2.79840
                           -4.02300  -0.85600  -1.90100  -3.79596  -1.09659  -1.95690
                           -0.20100  -1.05900   1.46800   0.32386  -1.21481   2.09109
                           -1.36700  -0.28200  -0.82100  -0.91594  -0.05837  -1.35520
                           -1.39200  -0.49000  -2.35500  -1.15882  -0.76462  -2.61611
                            2.61600   2.42300   1.31800   2.95065   2.14382   1.74981
                           -3.08900  -0.21200   1.20700  -3.31069   0.11710   1.03775
                            3.10100  -0.21400  -1.03200   3.33359  -0.15993  -1.44080
                            0.15700  -0.75300  -0.63300   0.06544  -1.34444  -1.34778
                            1.84300   0.23800  -0.59000   2.12794   0.34550  -0.78974
                           -1.42100   1.39200  -1.05100  -1.69743   1.19338  -1.25872
                           -0.74800   0.40800   0.13100  -0.62584  -0.18682   0.11637
                           -1.05300   1.69000   0.89100  -0.82503   1.96811   0.56535
