 
 Forces:
 
 Structure          fitdata                        truedata
 ------------------------------------------------------------------------------
vasprun1.xml_1              0.00000   0.00000   0.00000  -0.00000  -0.00000  -0.00000
                            0.00000   0.00000   0.00000  -0.00000   0.00000  -0.00000
vasprun1.xml_2             -0.35800   1.39700  -1.35600  -0.09808   1.52520  -0.88640
                           -0.50700   3.30000  -1.76200  -0.30607   3.10207  -2.49632
                           -1.52900  -2.64500   0.94700  -1.58438  -2.80746   0.97211
                           -3.85600   3.33400  -2.12900  -3.68384   3.38451  -2.21111
                            1.43600   0.35300   1.30400   1.71387   0.86919   1.48049
                           -1.95800   1.61700   3.49600  -2.06628   1.72089   3.81069
                           -0.22500  -4.43600   0.44500  -0.03603  -4.39711   0.11589
                            0.16200  -1.89000  -0.58400   0.13053  -1.82641  -0.54999
                           -2.31000  -5.58300  -2.02500  -3.14681  -5.63820  -2.38821
                            3.28200   0.04200  -0.17300   3.20425   0.07874  -0.01112
                           -3.09400  -1.23600   4.86700  -3.00224  -0.81094   4.83074
                            3.24200  -1.80000   1.85600   3.51816  -1.46324   1.30783
                           -0.56100   0.86100   0.25900  -0.36086   0.88243   0.11123
                            1.35200  -2.37900  -4.77300   1.58160  -2.67586  -4.99635
                           -2.66800  -1.36200   0.17800  -2.59336  -1.30033   0.17592
                           -0.98300  -1.06100   0.65900  -0.57098  -0.96045   0.70922
                           -0.44100  -0.41300  -2.03700  -0.12395  -0.29814  -2.04406
                            0.94200   4.78700   2.44400   0.88802   4.94876   2.65414
                            1.88200  -0.69200  -1.86300   2.09279  -0.79328  -1.21107
                           -1.90300   5.73600  -1.30300  -2.14943   5.69930  -1.46068
                           -1.05100   0.30000   2.63900  -0.58147   0.26594   2.49704
                           -2.53700  -0.77500   0.86700  -2.45209  -1.01960   1.12693
                            6.62900  -0.54500   1.78600   6.10057  -0.26761   1.96810
                            3.20400   1.80600  -0.31000   2.57877   2.08089  -0.00999
                           -0.55700   4.35700  -2.05300  -0.81377   3.80810  -2.30747
                            0.95600   0.67300   0.82000   1.26591   0.34847   0.60444
                           -4.35300  -0.12400  -1.64700  -4.48874  -0.28255  -1.53697
                            0.37400   0.10000   2.55800   0.39012  -0.03007   2.32611
                           -0.81700   1.98300   0.17100  -0.91367   2.31080   0.20879
                            0.79000  -4.89100   2.25700   1.01638  -5.32003   2.67385
                           -1.06300  -2.02000  -0.29500  -1.19880  -2.26029  -0.26746
                            0.13500  -0.93900   1.68400  -0.06627  -0.47763   1.59230
                           -0.22400  -2.02100   0.82800   0.05390  -2.01339   1.45065
                            0.83900  -1.56800   1.83600   0.36103  -0.73599   1.60065
                            0.37100  -0.60400  -5.72500   0.00094  -0.58066  -6.17321
                            3.56400  -2.81200   0.20500   3.46504  -3.70169   0.48187
                            1.27600   1.49700   1.66000   1.27984   1.11768   1.74916
                            0.42000  -0.04900  -1.07700   0.50551  -0.37041  -1.04793
                            0.78600   3.10300  -1.26000   0.52490   3.05831  -0.86914
                            1.71500   0.35000   0.14000   1.01363   0.87113   0.60429
                           -0.13300  -4.64100  -2.35400   0.19925  -5.07407  -2.78930
                            2.67600   0.93500   0.02300   3.04479   1.07529   0.07663
                            0.12300   1.71200  -0.01000   0.45173   2.56680  -0.07351
                           -0.18400  -2.28000  -2.80300  -0.40777  -2.44679  -2.98117
                            0.68300  -3.56500   0.87900   0.54798  -3.77199   0.83336
                           -1.74000   1.41200  -0.57900  -1.99485   1.48636  -0.42406
                            0.88400   2.20900  -0.59600   0.78602   2.62191  -0.81132
                           -0.79500   4.03600   2.48800  -1.07643   3.76626   2.65258
                            1.84900  -0.64000   0.25800   1.80337  -0.27156   0.46821
                           -2.29400  -3.32600   0.66300  -2.50965  -3.60446   0.13559
                            2.51000   2.88300   0.60300   2.60756   2.29567   0.87115
                           -0.47500  -1.64800   2.62500  -0.35579  -1.33600   2.68011
                           -2.71400  -1.17400  -2.63800  -2.46249  -1.41833  -2.30032
                            0.18600  -0.45000  -1.75800   0.16908  -0.02982  -1.18271
                           -3.09300   0.42300   0.55000  -2.69857   0.91481   0.16543
                           -0.05700   1.83900   0.05200   0.10941   1.29214  -0.24906
                            2.47900   1.95500   1.82100   2.53815   2.14647   2.29144
                           -1.59100   0.13300   0.96500  -1.43175   0.63827   0.66309
                            1.04500   0.72400  -1.26700   1.31921   0.71582  -1.83109
                           -0.54700  -1.56800  -0.46400  -0.95818  -2.33005  -1.13257
                            2.15300   0.46100  -0.21700   2.02025   0.30428  -0.37801
                           -1.24700   1.03000  -2.07600  -1.35821   0.57044  -1.89299
                           -1.29500   1.35800   0.24700  -0.92638   1.21462   0.38247
                           -0.78600   2.43000   0.05400  -0.86537   2.63288   0.24107
vasprun1.xml_3             -0.16500   1.50300  -0.91100  -0.02152   1.69939  -0.52117
                           -0.40200   3.46000  -1.89700  -0.23597   3.19448  -2.56452
                           -1.68900  -3.17800   0.50600  -1.74557  -3.29750   0.62188
                           -3.95400   3.10000  -2.15700  -3.77897   3.10424  -2.04252
                            1.98500  -0.18100   1.10200   2.10832   0.33747   1.26768
                           -1.45200   1.33800   3.87200  -1.71943   1.59207   4.28396
                           -0.19200  -4.45400   0.62400  -0.10103  -4.21224   0.28877
                           -0.29200  -1.91600  -0.83000  -0.28736  -1.93380  -0.72280
                           -3.21100  -5.33700  -2.51000  -4.08392  -5.22093  -2.81224
                            3.35100  -0.09500  -0.34900   3.28908  -0.23074  -0.10957
                           -3.27400  -1.00400   4.02600  -3.25263  -0.60492   3.73802
                            3.24200  -1.50500   1.22000   3.51336  -1.10445   0.87396
                           -0.40300   0.99100   0.22800  -0.20697   0.98616   0.11802
                            1.42500  -2.66700  -4.98100   1.65103  -3.12014  -5.26426
                           -2.84700  -0.99800   0.43800  -2.86755  -0.99894   0.37168
                           -1.52900  -0.70900   0.55700  -0.93601  -0.59395   0.83246
                           -0.38200  -0.29500  -1.47500  -0.16950  -0.37646  -1.64106
                            1.21300   4.38100   2.17800   1.27762   4.53338   2.40581
                            1.88400  -0.30700  -1.99800   2.03023  -0.39049  -1.37028
                           -1.15800   6.71200  -1.11200  -1.25888   6.99173  -1.24775
                           -0.89100   1.07600   3.10600  -0.46609   0.79387   2.77767
                           -2.77200  -0.66300   1.03800  -2.53643  -0.96763   1.26915
                            6.29600   0.02000   2.51100   5.76242   0.38415   2.80291
                            3.98600   2.22900  -0.44600   3.41388   2.59054  -0.05088
                            0.04900   3.77300  -2.55900  -0.16529   3.14203  -2.77615
                            1.02200   0.79400   0.41900   1.22154   0.32490   0.16998
                           -4.96800  -0.08800  -1.59900  -5.10628  -0.20936  -1.50454
                            0.57600   0.90900   2.61500   0.65116   0.79321   2.27461
                           -1.12400   1.48300   0.04900  -1.15917   1.83115   0.28084
                            0.63300  -4.84400   1.90500   0.84087  -5.19872   2.31587
                           -1.18800  -1.94300  -0.67000  -1.27624  -2.13844  -0.64499
                            0.13800  -0.33000   1.98100  -0.09219   0.08693   1.78906
                           -0.18500  -2.51400   0.28800   0.08269  -2.43609   0.87118
                            0.39600  -1.60700   2.27900  -0.03254  -0.61163   2.02975
                            0.86500  -1.13400  -4.62800   0.32749  -1.03486  -4.85870
                            3.20300  -4.09700   0.26400   3.01870  -5.38143   0.30663
                            1.40800   0.90400   1.57200   1.64838   0.66760   1.67059
                           -0.37600   0.30600  -1.20800  -0.29105   0.03434  -1.14826
                            1.13300   2.73400  -1.65900   0.82900   2.67158  -1.21921
                            1.82500   0.84000   0.70200   1.07322   1.31428   1.00364
                           -0.47700  -4.36200  -1.79600  -0.13358  -4.48927  -2.12992
                            3.63200   0.52700  -0.35700   3.90170   0.79926  -0.26008
                            0.26800   1.63000   0.09000   0.49014   2.31561  -0.08520
                           -0.80100  -2.86900  -2.00200  -0.92412  -3.08507  -2.21720
                            0.69100  -3.14300   0.66400   0.47654  -3.38240   0.57647
                           -1.54600   0.97100  -0.52000  -1.76628   1.08662  -0.45124
                            1.46500   2.57400   0.08300   1.31914   2.90866  -0.18781
                           -0.56000   3.60600   2.09600  -0.94795   3.36700   2.13932
                            1.54500  -0.06500   0.55700   1.48740   0.19882   0.70521
                           -2.13600  -3.07100   0.77900  -2.35167  -3.36182   0.23337
                            1.59000   3.36500   0.62900   1.85053   2.73367   0.98750
                           -0.45500  -1.04300   2.84200  -0.22427  -0.78550   2.96363
                           -3.33700  -1.25900  -2.61100  -3.02958  -1.40288  -2.28155
                            0.23000  -0.77700  -1.02900   0.36746  -0.42520  -0.30911
                           -2.74500   0.30500  -0.11200  -2.38168   0.68341  -0.57952
                           -0.59000   1.07100  -0.84200  -0.38065   0.58813  -1.15054
                            2.75400   2.34500   1.59500   2.96632   2.33853   2.13623
                           -2.16800  -0.11600   1.33900  -2.13858   0.44312   0.98528
                            1.92800   0.29000  -1.42700   2.18699   0.32456  -2.04218
                           -0.27200  -1.30100  -0.43700  -0.67540  -2.12092  -1.11439
                            2.37200   0.42900  -0.34100   2.26676   0.36355  -0.53037
                           -1.49900   1.18500  -1.91800  -1.58203   0.86019  -1.81036
                           -1.30000   0.87400   0.16100  -0.89656   0.65475   0.32349
                           -0.76100   2.15400   0.06900  -0.82903   2.37640   0.23377
vasprun1.xml_4              0.09800   1.22100  -0.41300   0.10612   1.59241  -0.17839
                           -0.34200   3.67300  -2.02900  -0.23699   3.34591  -2.57179
                           -1.98100  -3.43200   0.32800  -1.97122  -3.53472   0.44371
                           -3.76900   2.51700  -2.24100  -3.49596   2.44899  -1.95666
                            2.56800  -0.62000   0.99200   2.49899  -0.11116   1.12911
                           -0.98800   1.17200   4.50600  -1.35693   1.54822   4.99704
                           -0.22000  -4.25400   0.74900  -0.21131  -3.88531   0.43205
                           -0.73100  -1.86600  -0.82100  -0.71972  -1.91846  -0.73836
                           -3.96100  -4.95600  -2.90300  -4.79870  -4.71672  -3.14833
                            3.37300  -0.32600  -0.43700   3.33936  -0.58919  -0.11284
                           -3.58600  -0.65100   2.68300  -3.63297  -0.29193   2.23416
                            3.24700  -1.12000   0.41100   3.51681  -0.68165   0.34432
                           -0.17200   1.13600   0.10900   0.01957   1.13986  -0.00660
                            1.32800  -2.96000  -5.02900   1.58262  -3.55700  -5.43078
                           -3.25800  -0.71800   0.95900  -3.35332  -0.76282   0.83421
                           -2.14600  -0.32500   0.50100  -1.42196  -0.22948   0.89787
                           -0.21400  -0.32300  -1.03200  -0.10184  -0.54863  -1.29784
                            1.30800   4.28700   1.74000   1.48057   4.40804   1.98369
                            2.13000   0.37300  -2.06700   2.20624   0.18818  -1.46427
                           -0.66100   6.63900  -0.91100  -0.70203   6.95061  -0.99717
                           -0.58900   1.73600   3.55800  -0.28224   1.28082   3.15360
                           -2.95900  -0.72000   1.33500  -2.61874  -1.05765   1.53873
                            5.70100   0.50300   3.02100   5.16995   0.88223   3.35810
                            4.74300   2.55300  -0.60800   4.17735   2.96690  -0.19951
                            1.07100   2.65400  -2.88600   0.85446   2.16568  -3.02728
                            0.94500   0.92300  -0.08500   1.03733   0.32245  -0.37367
                           -5.43400  -0.20900  -1.76100  -5.62820  -0.23984  -1.61001
                            0.76900   1.32800   2.66200   0.86348   1.24829   2.20632
                           -1.37800   0.78400  -0.17600  -1.32215   1.19313   0.22060
                            0.50900  -4.24200   1.61800   0.68642  -4.44675   1.98362
                           -1.36600  -1.94200  -1.01100  -1.35983  -2.04236  -0.96092
                            0.04800   0.12100   2.44900  -0.16741   0.48567   2.13248
                           -0.07300  -2.79100  -0.19400   0.14773  -2.61296   0.31675
                           -0.13300  -1.91600   2.54000  -0.42478  -0.83619   2.32144
                            1.56500  -2.00100  -3.06100   0.86614  -1.73153  -3.12509
                            3.01600  -4.41100   0.27500   2.69562  -5.78266   0.12299
                            1.46400   0.26400   1.17900   1.94062   0.19590   1.25973
                           -1.00600   0.59400  -1.26400  -0.98391   0.40436  -1.22178
                            1.26700   2.37200  -2.21200   1.05000   2.32951  -1.81206
                            1.77000   1.29000   1.34300   1.02528   1.68254   1.41816
                           -0.76100  -3.18200  -1.29300  -0.49338  -3.24021  -1.50348
                            4.21000   0.27100  -1.18000   4.41847   0.60687  -1.00688
                            0.33400   1.34700   0.23100   0.41301   1.79235  -0.04758
                           -1.27400  -3.10900  -1.31700  -1.29325  -3.34727  -1.53565
                            0.71400  -2.28500   0.37500   0.42385  -2.64034   0.31065
                           -1.21400   0.60800  -0.28200  -1.41211   0.74031  -0.32430
                            2.00300   2.71500   0.33100   1.82057   2.99505   0.12510
                            0.09100   2.48100   1.34400  -0.39726   2.28562   1.34865
                            1.10700   0.76900   0.86500   1.10311   0.87344   0.96226
                           -1.86400  -2.46700   0.76800  -2.11646  -2.73786   0.24542
                            0.17900   3.59200   0.57500   0.66575   2.93962   1.05810
                           -0.28500  -0.31500   2.79700   0.02068  -0.14610   2.99120
                           -3.83500  -1.19100  -2.40500  -3.48625  -1.28905  -2.15340
                            0.10500  -1.03500   0.05500   0.41619  -0.82270   0.89335
                           -1.94000   0.07000  -0.52400  -1.65684   0.35140  -1.04017
                           -1.09500   0.10100  -1.67900  -0.84561  -0.26039  -1.91637
                            2.71600   2.46400   1.56600   3.09707   2.25779   2.12678
                           -2.66200  -0.25400   1.40800  -2.78024   0.30720   1.04037
                            2.78000  -0.10000  -1.26500   3.01530  -0.00313  -1.92620
                           -0.08700  -0.95700  -0.54400  -0.36533  -1.79559  -1.18169
                            2.40000   0.35300  -0.42400   2.30417   0.40159  -0.66488
                           -1.63100   1.47400  -1.57100  -1.70080   1.23069  -1.51147
                           -1.22000   0.49500   0.03600  -0.80053   0.16991   0.23099
                           -0.72500   1.79900   0.31300  -0.82454   2.12807   0.38389
vasprun1.xml_5              0.36400   0.72600   0.16100   0.25021   1.24772   0.19763
                           -0.28700   3.96800  -2.05600  -0.24041   3.54600  -2.46577
                           -2.57300  -3.04100   0.11000  -2.44324  -3.11090   0.24710
                           -3.12600   1.71600  -2.37000  -2.71757   1.61170  -1.93212
                            3.11600  -1.05200   0.93400   2.89056  -0.54921   0.97544
                           -0.55600   0.94900   5.35200  -0.99397   1.49921   5.91360
                           -0.22800  -3.91500   0.92800  -0.22525  -3.44144   0.65808
                           -1.07700  -1.84200  -0.62200  -1.04615  -1.89218  -0.64045
                           -4.19100  -4.66000  -3.26400  -4.91180  -4.38520  -3.44241
                            3.27300  -0.57900  -0.43200   3.26681  -0.91587  -0.05698
                           -3.81100  -0.26400   1.39600  -3.89511   0.02867   1.02451
                            3.12500  -0.74600  -0.25900   3.38597  -0.28622  -0.09955
                            0.13800   1.29900  -0.01800   0.30072   1.34797  -0.18260
                            1.15100  -3.01100  -4.64000   1.40121  -3.70712  -5.12559
                           -4.09300  -0.56400   1.37900  -4.19600  -0.65037   1.24453
                           -2.54500   0.03600   0.48000  -1.76505   0.11308   0.90879
                            0.02700  -0.50300  -0.46300   0.04376  -0.81119  -0.81400
                            1.24500   4.38200   1.30800   1.49107   4.51716   1.51832
                            2.70300   1.19700  -2.00000   2.67113   0.87172  -1.46870
                           -0.56800   5.97300  -0.73500  -0.61990   6.10400  -0.81590
                           -0.18300   2.15600   4.02500  -0.00325   1.69548   3.62921
                           -3.09200  -0.93200   1.63900  -2.69929  -1.30126   1.81978
                            5.10800   0.73700   3.25900   4.61508   1.08548   3.59899
                            5.33100   2.75300  -0.70200   4.70862   3.16194  -0.30880
                            2.23500   1.59800  -3.17500   2.06876   1.36545  -3.21687
                            0.86600   1.01200  -0.82400   0.85267   0.35581  -1.06392
                           -5.45400  -0.44100  -2.00700  -5.66622  -0.42250  -1.80482
                            0.91100   1.42200   2.70300   0.99762   1.31757   2.10048
                           -1.52700   0.26600  -0.36500  -1.35903   0.73853   0.15047
                            0.33800  -3.46300   1.62500   0.44274  -3.54506   1.89525
                           -1.60500  -2.05500  -1.33300  -1.51645  -2.02374  -1.19727
                           -0.09700   0.37200   3.08800  -0.26450   0.66575   2.67194
                           -0.02700  -2.81300  -0.66600   0.10912  -2.54380  -0.20422
                           -0.63200  -2.30800   2.32500  -0.76300  -1.25778   2.15376
                            2.36800  -3.06100  -1.53500   1.56211  -2.56449  -1.59260
                            2.70900  -4.23200   0.42900   2.27026  -5.42918   0.17832
                            1.37900  -0.18500   0.66800   2.04901  -0.11345   0.73932
                           -1.38400   0.81000  -1.21500  -1.44525   0.72788  -1.18793
                            1.34200   2.17700  -2.53800   1.27650   2.10262  -2.25481
                            1.52400   1.83900   1.75600   0.79738   2.13475   1.62791
                           -1.03200  -1.79500  -0.58800  -0.85620  -1.92333  -0.68567
                            4.12000   0.19300  -2.24800   4.27773   0.52509  -2.03077
                            0.34800   0.91900   0.30600   0.27369   1.11200  -0.11368
                           -1.58700  -3.15100  -0.66100  -1.55723  -3.34452  -0.85126
                            0.61100  -1.19400  -0.12100   0.28928  -1.74358  -0.13010
                           -0.72700   0.33300  -0.06100  -0.85784   0.39640  -0.22031
                            2.42300   2.67400   0.44600   2.20307   2.87374   0.31877
                            1.15800   1.15400   0.35600   0.63695   1.11376   0.33316
                            0.71700   1.67200   1.00000   0.78166   1.67882   1.11789
                           -1.58500  -1.61900   0.67000  -1.87619  -1.86726   0.20683
                           -1.47000   3.08400   0.49500  -0.74780   2.43222   1.08350
                           -0.06600   0.45400   2.51500   0.28125   0.51677   2.79840
                           -4.15500  -1.03100  -2.04600  -3.79596  -1.09659  -1.95690
                           -0.13900  -1.18000   1.18100   0.32386  -1.21481   2.09109
                           -1.05000  -0.20600  -0.86800  -0.91594  -0.05837  -1.35520
                           -1.44300  -0.53300  -2.46000  -1.15882  -0.76462  -2.61611
                            2.46300   2.50800   1.16500   2.95065   2.14382   1.74981
                           -3.04000  -0.39600   1.35300  -3.31069   0.11710   1.03775
                            3.16000  -0.30500  -0.76500   3.33359  -0.15993  -1.44080
                            0.16800  -0.56400  -0.77900   0.06544  -1.34444  -1.34778
                            2.22300   0.21900  -0.46600   2.12794   0.34550  -0.78974
                           -1.60200   1.39300  -1.25500  -1.69743   1.19338  -1.25872
                           -1.02000   0.17100  -0.11300  -0.62584  -0.18682   0.11637
                           -0.67200   1.48200   0.59900  -0.82503   1.96811   0.56535
