 
 Forces:
 
 Structure          fitdata                        truedata
 ------------------------------------------------------------------------------
vasprun1.xml_1              0.00000   0.00000   0.00000  -0.00000  -0.00000  -0.00000
                            0.00000   0.00000   0.00000  -0.00000   0.00000  -0.00000
vasprun1.xml_2             -0.39900   1.17300  -1.37400  -0.09808   1.52520  -0.88640
                           -0.47200   3.45800  -1.81500  -0.30607   3.10207  -2.49632
                           -1.49100  -2.53700   1.07200  -1.58438  -2.80746   0.97211
                           -3.67900   3.32500  -2.02100  -3.68384   3.38451  -2.21111
                            1.46000   0.17900   1.27400   1.71387   0.86919   1.48049
                           -2.05900   1.66500   3.47900  -2.06628   1.72089   3.81069
                           -0.23300  -4.39000   0.45400  -0.03603  -4.39711   0.11589
                            0.26200  -1.96100  -0.53000   0.13053  -1.82641  -0.54999
                           -2.27000  -5.54900  -2.01800  -3.14681  -5.63820  -2.38821
                            3.31400  -0.01600  -0.20100   3.20425   0.07874  -0.01112
                           -3.11800  -1.16300   4.67000  -3.00224  -0.81094   4.83074
                            3.24400  -1.70300   1.84000   3.51816  -1.46324   1.30783
                           -0.53100   0.74500   0.23000  -0.36086   0.88243   0.11123
                            1.42500  -2.34600  -4.71600   1.58160  -2.67586  -4.99635
                           -2.68900  -1.46200   0.33200  -2.59336  -1.30033   0.17592
                           -1.06000  -1.02600   0.70700  -0.57098  -0.96045   0.70922
                           -0.34200  -0.33600  -2.04500  -0.12395  -0.29814  -2.04406
                            0.78800   4.67700   2.44700   0.88802   4.94876   2.65414
                            1.94300  -0.64500  -1.95900   2.09279  -0.79328  -1.21107
                           -1.79200   5.69200  -1.31900  -2.14943   5.69930  -1.46068
                           -0.95500   0.34300   2.66500  -0.58147   0.26594   2.49704
                           -2.64000  -0.95100   0.83300  -2.45209  -1.01960   1.12693
                            6.44800  -0.36800   1.85300   6.10057  -0.26761   1.96810
                            3.21800   1.86600  -0.39200   2.57877   2.08089  -0.00999
                           -0.47800   4.23600  -2.24100  -0.81377   3.80810  -2.30747
                            0.88300   0.64500   0.80700   1.26591   0.34847   0.60444
                           -4.50800  -0.09100  -1.60200  -4.48874  -0.28255  -1.53697
                            0.35700   0.07600   2.61800   0.39012  -0.03007   2.32611
                           -0.89300   1.92400   0.19100  -0.91367   2.31080   0.20879
                            0.76000  -4.87500   2.27900   1.01638  -5.32003   2.67385
                           -0.99000  -2.18300  -0.27800  -1.19880  -2.26029  -0.26746
                           -0.04400  -0.84700   1.70300  -0.06627  -0.47763   1.59230
                            0.09900  -2.15100   0.83200   0.05390  -2.01339   1.45065
                            0.58400  -1.44600   1.70800   0.36103  -0.73599   1.60065
                            0.37100  -0.73400  -5.71900   0.00094  -0.58066  -6.17321
                            3.46100  -2.82500   0.24200   3.46504  -3.70169   0.48187
                            1.27400   1.43100   1.55300   1.27984   1.11768   1.74916
                            0.49400  -0.14100  -0.96200   0.50551  -0.37041  -1.04793
                            0.94200   3.08900  -1.62800   0.52490   3.05831  -0.86914
                            1.82200   0.52300   0.28000   1.01363   0.87113   0.60429
                           -0.01200  -4.43900  -2.30800   0.19925  -5.07407  -2.78930
                            2.76100   1.04200  -0.12600   3.04479   1.07529   0.07663
                            0.00000   1.63500  -0.12100   0.45173   2.56680  -0.07351
                           -0.31500  -2.48200  -2.71500  -0.40777  -2.44679  -2.98117
                            0.47600  -3.40700   0.76900   0.54798  -3.77199   0.83336
                           -1.54100   1.42900  -0.42500  -1.99485   1.48636  -0.42406
                            0.85900   2.08700  -0.61700   0.78602   2.62191  -0.81132
                           -0.85500   4.03800   2.33800  -1.07643   3.76626   2.65258
                            1.69700  -0.13000   0.10000   1.80337  -0.27156   0.46821
                           -2.14000  -3.21900   0.52800  -2.50965  -3.60446   0.13559
                            2.36200   2.86200   0.67200   2.60756   2.29567   0.87115
                           -0.48300  -1.68800   2.50800  -0.35579  -1.33600   2.68011
                           -2.60400  -1.07300  -2.45300  -2.46249  -1.41833  -2.30032
                           -0.05100  -0.38600  -1.55300   0.16908  -0.02982  -1.18271
                           -2.83900   0.42400   0.64200  -2.69857   0.91481   0.16543
                           -0.05900   1.71600   0.23900   0.10941   1.29214  -0.24906
                            2.46400   1.88200   2.18000   2.53815   2.14647   2.29144
                           -1.35800   0.14700   0.61300  -1.43175   0.63827   0.66309
                            0.87400   0.50100  -1.21500   1.31921   0.71582  -1.83109
                           -0.51100  -1.68500  -0.61400  -0.95818  -2.33005  -1.13257
                            2.20000   0.48600  -0.12100   2.02025   0.30428  -0.37801
                           -1.22600   0.91800  -1.97700  -1.35821   0.57044  -1.89299
                           -1.28300   1.51000   0.19600  -0.92638   1.21462   0.38247
                           -0.91900   2.53200   0.21100  -0.86537   2.63288   0.24107
vasprun1.xml_3             -0.19500   1.28400  -0.92700  -0.02152   1.69939  -0.52117
                           -0.35000   3.68900  -1.94800  -0.23597   3.19448  -2.56452
                           -1.66900  -3.04600   0.61500  -1.74557  -3.29750   0.62188
                           -3.73900   3.08200  -2.05500  -3.77897   3.10424  -2.04252
                            2.00500  -0.36900   1.10000   2.10832   0.33747   1.26768
                           -1.53000   1.35900   3.87500  -1.71943   1.59207   4.28396
                           -0.22500  -4.41600   0.62400  -0.10103  -4.21224   0.28877
                           -0.16500  -2.02300  -0.77300  -0.28736  -1.93380  -0.72280
                           -3.13900  -5.27600  -2.51900  -4.08392  -5.22093  -2.81224
                            3.37900  -0.12600  -0.37800   3.28908  -0.23074  -0.10957
                           -3.34100  -0.93100   3.89300  -3.25263  -0.60492   3.73802
                            3.23000  -1.40200   1.21600   3.51336  -1.10445   0.87396
                           -0.37100   0.92900   0.23200  -0.20697   0.98616   0.11802
                            1.50800  -2.65400  -4.91100   1.65103  -3.12014  -5.26426
                           -2.86800  -1.06500   0.60200  -2.86755  -0.99894   0.37168
                           -1.62300  -0.67900   0.61700  -0.93601  -0.59395   0.83246
                           -0.27200  -0.23300  -1.46900  -0.16950  -0.37646  -1.64106
                            1.05300   4.27000   2.18300   1.27762   4.53338   2.40581
                            1.90000  -0.30200  -2.03600   2.03023  -0.39049  -1.37028
                           -1.06800   6.64300  -1.12400  -1.25888   6.99173  -1.24775
                           -0.79800   1.12800   3.09400  -0.46609   0.79387   2.77767
                           -2.89700  -0.84800   1.02800  -2.53643  -0.96763   1.26915
                            6.14100   0.18200   2.56500   5.76242   0.38415   2.80291
                            3.92300   2.30200  -0.55500   3.41388   2.59054  -0.05088
                            0.13600   3.66600  -2.73600  -0.16529   3.14203  -2.77615
                            0.99500   0.78000   0.35500   1.22154   0.32490   0.16998
                           -5.11300  -0.06100  -1.58300  -5.10628  -0.20936  -1.50454
                            0.60200   0.88200   2.69600   0.65116   0.79321   2.27461
                           -1.19100   1.45600   0.06800  -1.15917   1.83115   0.28084
                            0.60700  -4.89200   1.96500   0.84087  -5.19872   2.31587
                           -1.15000  -2.10900  -0.65300  -1.27624  -2.13844  -0.64499
                           -0.04000  -0.23600   1.96500  -0.09219   0.08693   1.78906
                            0.03100  -2.66100   0.35100   0.08269  -2.43609   0.87118
                            0.08100  -1.53000   2.16500  -0.03254  -0.61163   2.02975
                            0.79800  -1.19000  -4.73900   0.32749  -1.03486  -4.85870
                            3.14300  -4.10600   0.29200   3.01870  -5.38143   0.30663
                            1.49600   0.82800   1.39800   1.64838   0.66760   1.67059
                           -0.33800   0.25600  -1.12800  -0.29105   0.03434  -1.14826
                            1.31200   2.70300  -2.04200   0.82900   2.67158  -1.21921
                            1.90600   1.11100   0.83200   1.07322   1.31428   1.00364
                           -0.34000  -4.20300  -1.75300  -0.13358  -4.48927  -2.12992
                            3.68700   0.61500  -0.50100   3.90170   0.79926  -0.26008
                            0.11100   1.52800  -0.04900   0.49014   2.31561  -0.08520
                           -0.88200  -3.08300  -1.91400  -0.92412  -3.08507  -2.21720
                            0.49100  -3.00600   0.57800   0.47654  -3.38240   0.57647
                           -1.30700   0.94000  -0.36100  -1.76628   1.08662  -0.45124
                            1.41000   2.46400   0.10700   1.31914   2.90866  -0.18781
                           -0.57400   3.64500   1.92000  -0.94795   3.36700   2.13932
                            1.40800   0.40500   0.38100   1.48740   0.19882   0.70521
                           -2.00200  -2.97900   0.65700  -2.35167  -3.36182   0.23337
                            1.48800   3.39700   0.72000   1.85053   2.73367   0.98750
                           -0.43400  -1.03700   2.71900  -0.22427  -0.78550   2.96363
                           -3.30700  -1.12700  -2.43500  -3.02958  -1.40288  -2.28155
                           -0.01700  -0.71100  -0.80800   0.36746  -0.42520  -0.30911
                           -2.57900   0.27000  -0.08200  -2.38168   0.68341  -0.57952
                           -0.58700   0.93500  -0.62800  -0.38065   0.58813  -1.15054
                            2.77900   2.17600   1.91500   2.96632   2.33853   2.13623
                           -1.96900  -0.12400   1.02400  -2.13858   0.44312   0.98528
                            1.84200   0.08100  -1.37000   2.18699   0.32456  -2.04218
                           -0.18800  -1.42200  -0.54100  -0.67540  -2.12092  -1.11439
                            2.40500   0.46100  -0.23400   2.26676   0.36355  -0.53037
                           -1.49000   1.13100  -1.83700  -1.58203   0.86019  -1.81036
                           -1.25800   0.95800   0.13400  -0.89656   0.65475   0.32349
                           -0.84700   2.29600   0.20800  -0.82903   2.37640   0.23377
vasprun1.xml_4              0.05500   1.04200  -0.42800   0.10612   1.59241  -0.17839
                           -0.26500   3.96600  -2.07700  -0.23699   3.34591  -2.57179
                           -1.97600  -3.27500   0.39900  -1.97122  -3.53472   0.44371
                           -3.52500   2.48800  -2.15900  -3.49596   2.44899  -1.95666
                            2.59300  -0.79600   1.00900   2.49899  -0.11116   1.12911
                           -1.02400   1.14400   4.51600  -1.35693   1.54822   4.99704
                           -0.28400  -4.23700   0.75100  -0.21131  -3.88531   0.43205
                           -0.59200  -1.99200  -0.77900  -0.71972  -1.91846  -0.73836
                           -3.85500  -4.89000  -2.95200  -4.79870  -4.71672  -3.14833
                            3.40400  -0.31400  -0.47400   3.33936  -0.58919  -0.11284
                           -3.68500  -0.60900   2.64100  -3.63297  -0.29193   2.23416
                            3.23700  -1.03900   0.43500   3.51681  -0.68165   0.34432
                           -0.13400   1.13000   0.14000   0.01957   1.13986  -0.00660
                            1.41300  -2.96200  -4.94700   1.58262  -3.55700  -5.43078
                           -3.26800  -0.74200   1.09400  -3.35332  -0.76282   0.83421
                           -2.23300  -0.30400   0.59800  -1.42196  -0.22948   0.89787
                           -0.10300  -0.29200  -1.02500  -0.10184  -0.54863  -1.29784
                            1.15500   4.17700   1.75300   1.48057   4.40804   1.98369
                            2.08300   0.30200  -2.04500   2.20624   0.18818  -1.46427
                           -0.59800   6.60000  -0.90600  -0.70203   6.95061  -0.99717
                           -0.50700   1.80000   3.52200  -0.28224   1.28082   3.15360
                           -3.11200  -0.87600   1.35300  -2.61874  -1.05765   1.53873
                            5.60800   0.64200   3.07000   5.16995   0.88223   3.35810
                            4.61900   2.63600  -0.71800   4.17735   2.96690  -0.19951
                            1.13200   2.60300  -3.02800   0.85446   2.16568  -3.02728
                            0.97500   0.91200  -0.19900   1.03733   0.32245  -0.37367
                           -5.50600  -0.19700  -1.76200  -5.62820  -0.23984  -1.61001
                            0.81500   1.30300   2.74500   0.86348   1.24829   2.20632
                           -1.43700   0.80600  -0.15000  -1.32215   1.19313   0.22060
                            0.50800  -4.37900   1.71500   0.68642  -4.44675   1.98362
                           -1.36600  -2.11000  -0.99600  -1.35983  -2.04236  -0.96092
                           -0.12900   0.19700   2.38900  -0.16741   0.48567   2.13248
                            0.05400  -2.97500  -0.08600   0.14773  -2.61296   0.31675
                           -0.44100  -1.85900   2.43400  -0.42478  -0.83619   2.32144
                            1.43700  -1.97800  -3.28300   0.86614  -1.73153  -3.12509
                            2.98300  -4.49000   0.28500   2.69562  -5.78266   0.12299
                            1.62200   0.26100   0.97500   1.94062   0.19590   1.25973
                           -1.06900   0.56200  -1.19800  -0.98391   0.40436  -1.22178
                            1.44400   2.32700  -2.55100   1.05000   2.32951  -1.81206
                            1.79900   1.60200   1.44500   1.02528   1.68254   1.41816
                           -0.65200  -3.08900  -1.24100  -0.49338  -3.24021  -1.50348
                            4.21500   0.37200  -1.31000   4.41847   0.60687  -1.00688
                            0.16000   1.24600   0.05800   0.41301   1.79235  -0.04758
                           -1.26500  -3.25800  -1.27100  -1.29325  -3.34727  -1.53565
                            0.53100  -2.15100   0.33200   0.42385  -2.64034   0.31065
                           -0.96600   0.55000  -0.18500  -1.41211   0.74031  -0.32430
                            1.91900   2.61900   0.40700   1.82057   2.99505   0.12510
                            0.08400   2.59300   1.18900  -0.39726   2.28562   1.34865
                            0.98800   1.17800   0.67100   1.10311   0.87344   0.96226
                           -1.74800  -2.39400   0.65600  -2.11646  -2.73786   0.24542
                            0.16700   3.65700   0.67300   0.66575   2.93962   1.05810
                           -0.25700  -0.28700   2.71000   0.02068  -0.14610   2.99120
                           -3.86900  -1.10800  -2.27800  -3.48625  -1.28905  -2.15340
                           -0.12200  -1.00500   0.27900   0.41619  -0.82270   0.89335
                           -1.87400  -0.02600  -0.52500  -1.65684   0.35140  -1.04017
                           -1.02900  -0.01200  -1.40600  -0.84561  -0.26039  -1.91637
                            2.81800   2.26200   1.83300   3.09707   2.25779   2.12678
                           -2.52300  -0.26700   1.15500  -2.78024   0.30720   1.04037
                            2.77300  -0.27900  -1.26900   3.01530  -0.00313  -1.92620
                           -0.02400  -1.11000  -0.61800  -0.36533  -1.79559  -1.18169
                            2.39900   0.40100  -0.31600   2.30417   0.40159  -0.66488
                           -1.63600   1.48700  -1.49400  -1.70080   1.23069  -1.51147
                           -1.14800   0.48500   0.03500  -0.80053   0.16991   0.23099
                           -0.76700   1.95500   0.40600  -0.82454   2.12807   0.38389
vasprun1.xml_5              0.29400   0.61700   0.13500   0.25021   1.24772   0.19763
                           -0.18100   4.30700  -2.10200  -0.24041   3.54600  -2.46577
                           -2.58100  -2.88300   0.14600  -2.44324  -3.11090   0.24710
                           -2.87700   1.67600  -2.33200  -2.71757   1.61170  -1.93212
                            3.15600  -1.20500   0.95700   2.89056  -0.54921   0.97544
                           -0.54900   0.86700   5.35600  -0.99397   1.49921   5.91360
                           -0.31500  -3.91700   0.94300  -0.22525  -3.44144   0.65808
                           -0.95200  -1.96400  -0.59800  -1.04615  -1.89218  -0.64045
                           -4.06700  -4.59300  -3.32900  -4.91180  -4.38520  -3.44241
                            3.31200  -0.52400  -0.47600   3.26681  -0.91587  -0.05698
                           -3.93300  -0.26600   1.43500  -3.89511   0.02867   1.02451
                            3.12100  -0.72100  -0.20000   3.38597  -0.28622  -0.09955
                            0.18000   1.34500   0.03100   0.30072   1.34797  -0.18260
                            1.23100  -3.03700  -4.57400   1.40121  -3.70712  -5.12559
                           -4.08600  -0.56100   1.46700  -4.19600  -0.65037   1.24453
                           -2.57800   0.03900   0.60700  -1.76505   0.11308   0.90879
                            0.15400  -0.49500  -0.45500   0.04376  -0.81119  -0.81400
                            1.11400   4.28300   1.32500   1.49107   4.51716   1.51832
                            2.58000   1.02200  -1.93700   2.67113   0.87172  -1.46870
                           -0.53000   6.00700  -0.72000  -0.61990   6.10400  -0.81590
                           -0.11500   2.22600   3.96800  -0.00325   1.69548   3.62921
                           -3.26800  -1.05000   1.68000  -2.69929  -1.30126   1.81978
                            5.08800   0.85500   3.31900   4.61508   1.08548   3.59899
                            5.16600   2.85700  -0.80300   4.70862   3.16194  -0.30880
                            2.26200   1.59800  -3.28100   2.06876   1.36545  -3.21687
                            0.94000   0.99100  -0.96500   0.85267   0.35581  -1.06392
                           -5.44200  -0.45900  -2.02300  -5.66622  -0.42250  -1.80482
                            0.96000   1.40000   2.78900   0.99762   1.31757   2.10048
                           -1.58000   0.32500  -0.33600  -1.35903   0.73853   0.15047
                            0.38000  -3.68200   1.73200   0.44274  -3.54506   1.89525
                           -1.62600  -2.19800  -1.32100  -1.51645  -2.02374  -1.19727
                           -0.27000   0.43000   2.98800  -0.26450   0.66575   2.67194
                            0.02400  -3.03400  -0.56800   0.10912  -2.54380  -0.20422
                           -0.87300  -2.25300   2.24300  -0.76300  -1.25778   2.15376
                            2.21300  -3.00000  -1.81300   1.56211  -2.56449  -1.59260
                            2.71600  -4.39300   0.39200   2.27026  -5.42918   0.17832
                            1.58600  -0.10800   0.45700   2.04901  -0.11345   0.73932
                           -1.54900   0.77200  -1.14400  -1.44525   0.72788  -1.18793
                            1.47800   2.11900  -2.78700   1.27650   2.10262  -2.25481
                            1.50600   2.13200   1.89400   0.79738   2.13475   1.62791
                           -0.95600  -1.76000  -0.53200  -0.85620  -1.92333  -0.68567
                            4.06800   0.31200  -2.35500   4.27773   0.52509  -2.03077
                            0.16100   0.85500   0.12200   0.27369   1.11200  -0.11368
                           -1.50000  -3.28100  -0.65000  -1.55723  -3.34452  -0.85126
                            0.45100  -1.04500  -0.11400   0.28928  -1.74358  -0.13010
                           -0.50800   0.24700  -0.07800  -0.85784   0.39640  -0.22031
                            2.29300   2.59400   0.54600   2.20307   2.87374   0.31877
                            1.15900   1.35300   0.24800   0.63695   1.11376   0.33316
                            0.58100   1.97000   0.79400   0.78166   1.67882   1.11789
                           -1.49100  -1.57600   0.58200  -1.87619  -1.86726   0.20683
                           -1.42900   3.16800   0.56100  -0.74780   2.43222   1.08350
                           -0.04300   0.52100   2.48400   0.28125   0.51677   2.79840
                           -4.23400  -1.00300  -1.94700  -3.79596  -1.09659  -1.95690
                           -0.34500  -1.19100   1.33800   0.32386  -1.21481   2.09109
                           -1.08400  -0.35500  -0.87400  -0.91594  -0.05837  -1.35520
                           -1.30300  -0.58400  -2.14200  -1.15882  -0.76462  -2.61611
                            2.63900   2.29900   1.36400   2.95065   2.14382   1.74981
                           -3.00000  -0.37900   1.17700  -3.31069   0.11710   1.03775
                            3.23300  -0.42600  -0.83400   3.33359  -0.15993  -1.44080
                            0.21800  -0.72200  -0.82900   0.06544  -1.34444  -1.34778
                            2.17500   0.27900  -0.37300   2.12794   0.34550  -0.78974
                           -1.59400   1.49500  -1.17200  -1.69743   1.19338  -1.25872
                           -0.93100   0.08800  -0.10700  -0.62584  -0.18682   0.11637
                           -0.65000   1.61800   0.69200  -0.82503   1.96811   0.56535
