 
 Forces:
 
 Structure          fitdata                        truedata
 ------------------------------------------------------------------------------
vasprun1.xml_1              0.00000   0.00000   0.00000  -0.00000  -0.00000  -0.00000
                            0.00000   0.00000   0.00000  -0.00000   0.00000  -0.00000
vasprun1.xml_2             -0.37800   1.48400  -1.35400  -0.09808   1.52520  -0.88640
                           -0.45400   3.09400  -1.65800  -0.30607   3.10207  -2.49632
                           -1.47500  -2.67100   0.90700  -1.58438  -2.80746   0.97211
                           -3.73300   3.40500  -1.96600  -3.68384   3.38451  -2.21111
                            1.30900   0.39300   1.32600   1.71387   0.86919   1.48049
                           -1.96200   1.61700   3.41800  -2.06628   1.72089   3.81069
                           -0.10900  -4.34800   0.46200  -0.03603  -4.39711   0.11589
                            0.10900  -1.96000  -0.66200   0.13053  -1.82641  -0.54999
                           -2.35600  -5.60300  -2.01400  -3.14681  -5.63820  -2.38821
                            3.37500   0.05800   0.05900   3.20425   0.07874  -0.01112
                           -3.07000  -1.19100   5.00700  -3.00224  -0.81094   4.83074
                            3.13800  -1.81400   1.65200   3.51816  -1.46324   1.30783
                           -0.54700   1.01300   0.23200  -0.36086   0.88243   0.11123
                            1.50600  -2.48000  -5.01300   1.58160  -2.67586  -4.99635
                           -2.61600  -1.43800  -0.01600  -2.59336  -1.30033   0.17592
                           -0.86500  -1.10600   0.76300  -0.57098  -0.96045   0.70922
                           -0.59800  -0.37800  -1.99800  -0.12395  -0.29814  -2.04406
                            0.95900   4.91500   2.62600   0.88802   4.94876   2.65414
                            1.79700  -0.75800  -1.85600   2.09279  -0.79328  -1.21107
                           -2.05100   5.64100  -1.16600  -2.14943   5.69930  -1.46068
                           -0.99200   0.30400   2.62500  -0.58147   0.26594   2.49704
                           -2.55400  -0.94900   0.75400  -2.45209  -1.01960   1.12693
                            6.68800  -0.70100   1.74500   6.10057  -0.26761   1.96810
                            3.11500   1.90000  -0.32800   2.57877   2.08089  -0.00999
                           -0.64400   4.35500  -1.90300  -0.81377   3.80810  -2.30747
                            0.92500   0.74000   0.94400   1.26591   0.34847   0.60444
                           -4.32500  -0.05300  -1.71500  -4.48874  -0.28255  -1.53697
                            0.38900   0.08700   2.53000   0.39012  -0.03007   2.32611
                           -1.02000   2.01600   0.21200  -0.91367   2.31080   0.20879
                            0.80600  -4.84100   2.28200   1.01638  -5.32003   2.67385
                           -1.18900  -1.95900  -0.31700  -1.19880  -2.26029  -0.26746
                            0.27900  -0.99800   1.63200  -0.06627  -0.47763   1.59230
                           -0.28900  -2.06700   0.89400   0.05390  -2.01339   1.45065
                            0.85300  -1.63600   1.88700   0.36103  -0.73599   1.60065
                            0.36200  -0.52200  -5.68700   0.00094  -0.58066  -6.17321
                            3.50600  -2.74000   0.22300   3.46504  -3.70169   0.48187
                            1.27300   1.52700   1.65900   1.27984   1.11768   1.74916
                            0.42000  -0.02900  -1.10000   0.50551  -0.37041  -1.04793
                            0.70200   3.07700  -1.24800   0.52490   3.05831  -0.86914
                            1.68700   0.34200   0.12900   1.01363   0.87113   0.60429
                           -0.10200  -4.73800  -2.41700   0.19925  -5.07407  -2.78930
                            2.71000   0.91600   0.03400   3.04479   1.07529   0.07663
                            0.12300   1.76600  -0.06500   0.45173   2.56680  -0.07351
                           -0.13900  -2.24000  -2.76100  -0.40777  -2.44679  -2.98117
                            0.70900  -3.65800   0.91100   0.54798  -3.77199   0.83336
                           -1.81000   1.34100  -0.56200  -1.99485   1.48636  -0.42406
                            0.90400   2.13300  -0.67000   0.78602   2.62191  -0.81132
                           -0.81200   4.04100   2.39100  -1.07643   3.76626   2.65258
                            1.90400  -0.62300   0.23800   1.80337  -0.27156   0.46821
                           -2.30200  -3.28900   0.71800  -2.50965  -3.60446   0.13559
                            2.64200   2.95300   0.61500   2.60756   2.29567   0.87115
                           -0.45800  -1.67400   2.63500  -0.35579  -1.33600   2.68011
                           -2.67800  -1.10200  -2.68500  -2.46249  -1.41833  -2.30032
                            0.27000  -0.45000  -1.79400   0.16908  -0.02982  -1.18271
                           -3.16900   0.41700   0.54700  -2.69857   0.91481   0.16543
                           -0.07500   1.81800  -0.02500   0.10941   1.29214  -0.24906
                            2.53400   1.99600   1.75400   2.53815   2.14647   2.29144
                           -1.60700   0.18400   0.98000  -1.43175   0.63827   0.66309
                            1.06700   0.72600  -1.42900   1.31921   0.71582  -1.83109
                           -0.59200  -1.59400  -0.45500  -0.95818  -2.33005  -1.13257
                            2.19700   0.48500  -0.21300   2.02025   0.30428  -0.37801
                           -1.19900   1.09300  -2.14100  -1.35821   0.57044  -1.89299
                           -1.32100   1.37400   0.36000  -0.92638   1.21462   0.38247
                           -0.76400   2.40200   0.06400  -0.86537   2.63288   0.24107
vasprun1.xml_3             -0.18900   1.59900  -0.91700  -0.02152   1.69939  -0.52117
                           -0.35400   3.25800  -1.80900  -0.23597   3.19448  -2.56452
                           -1.60100  -3.14200   0.43200  -1.74557  -3.29750   0.62188
                           -3.84900   3.15400  -2.06300  -3.77897   3.10424  -2.04252
                            1.89700  -0.07300   1.13600   2.10832   0.33747   1.26768
                           -1.46400   1.32100   3.80200  -1.71943   1.59207   4.28396
                           -0.10000  -4.34600   0.62500  -0.10103  -4.21224   0.28877
                           -0.30000  -1.92600  -0.87900  -0.28736  -1.93380  -0.72280
                           -3.20600  -5.44300  -2.52000  -4.08392  -5.22093  -2.81224
                            3.44500  -0.05700  -0.11200   3.28908  -0.23074  -0.10957
                           -3.27800  -0.89800   4.14600  -3.25263  -0.60492   3.73802
                            3.15200  -1.50800   1.03700   3.51336  -1.10445   0.87396
                           -0.40900   1.06600   0.25800  -0.20697   0.98616   0.11802
                            1.55500  -2.73200  -5.25500   1.65103  -3.12014  -5.26426
                           -2.72300  -1.04900   0.29500  -2.86755  -0.99894   0.37168
                           -1.41200  -0.74200   0.64400  -0.93601  -0.59395   0.83246
                           -0.46200  -0.24800  -1.45900  -0.16950  -0.37646  -1.64106
                            1.21100   4.50200   2.38200   1.27762   4.53338   2.40581
                            1.79400  -0.37600  -1.99700   2.03023  -0.39049  -1.37028
                           -1.29200   6.61800  -1.01200  -1.25888   6.99173  -1.24775
                           -0.85300   1.11400   3.13400  -0.46609   0.79387   2.77767
                           -2.73400  -0.87900   0.92500  -2.53643  -0.96763   1.26915
                            6.37600  -0.14400   2.50600   5.76242   0.38415   2.80291
                            3.79400   2.20600  -0.44000   3.41388   2.59054  -0.05088
                           -0.05900   3.77300  -2.43800  -0.16529   3.14203  -2.77615
                            0.99100   0.86700   0.49700   1.22154   0.32490   0.16998
                           -4.96100  -0.07200  -1.70900  -5.10628  -0.20936  -1.50454
                            0.56200   0.86300   2.62500   0.65116   0.79321   2.27461
                           -1.33700   1.50200   0.05500  -1.15917   1.83115   0.28084
                            0.64700  -4.75500   1.92000   0.84087  -5.19872   2.31587
                           -1.27100  -1.92100  -0.65900  -1.27624  -2.13844  -0.64499
                            0.27800  -0.39300   1.88300  -0.09219   0.08693   1.78906
                           -0.24200  -2.57500   0.34700   0.08269  -2.43609   0.87118
                            0.41400  -1.66400   2.33600  -0.03254  -0.61163   2.02975
                            0.84700  -1.04900  -4.58200   0.32749  -1.03486  -4.85870
                            3.10300  -3.99500   0.25900   3.01870  -5.38143   0.30663
                            1.39200   0.93000   1.58200   1.64838   0.66760   1.67059
                           -0.39700   0.33700  -1.24200  -0.29105   0.03434  -1.14826
                            1.06400   2.70100  -1.67300   0.82900   2.67158  -1.21921
                            1.80600   0.81400   0.69000   1.07322   1.31428   1.00364
                           -0.46000  -4.43700  -1.84500  -0.13358  -4.48927  -2.12992
                            3.69400   0.51100  -0.35900   3.90170   0.79926  -0.26008
                            0.27700   1.69600   0.06600   0.49014   2.31561  -0.08520
                           -0.75800  -2.85100  -1.95500  -0.92412  -3.08507  -2.21720
                            0.71300  -3.21700   0.69400   0.47654  -3.38240   0.57647
                           -1.62700   0.91600  -0.50700  -1.76628   1.08662  -0.45124
                            1.47800   2.49100   0.00300   1.31914   2.90866  -0.18781
                           -0.59600   3.59500   2.03500  -0.94795   3.36700   2.13932
                            1.57700  -0.05800   0.54700   1.48740   0.19882   0.70521
                           -2.15900  -3.03200   0.83800  -2.35167  -3.36182   0.23337
                            1.72300   3.42600   0.64800   1.85053   2.73367   0.98750
                           -0.43100  -1.06100   2.86800  -0.22427  -0.78550   2.96363
                           -3.29500  -1.16700  -2.62600  -3.02958  -1.40288  -2.28155
                            0.31800  -0.78000  -1.04200   0.36746  -0.42520  -0.30911
                           -2.83100   0.29200  -0.08900  -2.38168   0.68341  -0.57952
                           -0.61800   1.06000  -0.93000  -0.38065   0.58813  -1.15054
                            2.79800   2.37600   1.53100   2.96632   2.33853   2.13623
                           -2.21100  -0.06700   1.36100  -2.13858   0.44312   0.98528
                            1.95700   0.28500  -1.58800   2.18699   0.32456  -2.04218
                           -0.32100  -1.32800  -0.42900  -0.67540  -2.12092  -1.11439
                            2.42900   0.45100  -0.36600   2.26676   0.36355  -0.53037
                           -1.43700   1.26800  -1.97800  -1.58203   0.86019  -1.81036
                           -1.32200   0.89000   0.27000  -0.89656   0.65475   0.32349
                           -0.73500   2.10100   0.10500  -0.82903   2.37640   0.23377
vasprun1.xml_4              0.08400   1.33700  -0.43700   0.10612   1.59241  -0.17839
                           -0.31000   3.49400  -1.96400  -0.23699   3.34591  -2.57179
                           -1.86800  -3.33100   0.23200  -1.97122  -3.53472   0.44371
                           -3.71100   2.56300  -2.22000  -3.49596   2.44899  -1.95666
                            2.50800  -0.48700   1.04400   2.49899  -0.11116   1.12911
                           -1.02700   1.13300   4.44200  -1.35693   1.54822   4.99704
                           -0.14100  -4.14600   0.72600  -0.21131  -3.88531   0.43205
                           -0.74200  -1.85200  -0.84600  -0.71972  -1.91846  -0.73836
                           -3.91800  -5.14600  -2.93100  -4.79870  -4.71672  -3.14833
                            3.45900  -0.28000  -0.21100   3.33936  -0.58919  -0.11284
                           -3.63000  -0.49300   2.76500  -3.63297  -0.29193   2.23416
                            3.18100  -1.11300   0.28000   3.51681  -0.68165   0.34432
                           -0.20000   1.14200   0.18500   0.01957   1.13986  -0.00660
                            1.44100  -3.00000  -5.30400   1.58262  -3.55700  -5.43078
                           -3.08000  -0.74800   0.88600  -3.35332  -0.76282   0.83421
                           -2.04900  -0.33200   0.56800  -1.42196  -0.22948   0.89787
                           -0.21400  -0.27700  -1.02600  -0.10184  -0.54863  -1.29784
                            1.30800   4.38300   1.94800   1.48057   4.40804   1.98369
                            2.03100   0.30800  -2.07700   2.20624   0.18818  -1.46427
                           -0.77700   6.55600  -0.86500  -0.70203   6.95061  -0.99717
                           -0.56800   1.80100   3.63000  -0.28224   1.28082   3.15360
                           -2.90500  -0.96900   1.25200  -2.61874  -1.05765   1.53873
                            5.77500   0.35600   3.05600   5.16995   0.88223   3.35810
                            4.53400   2.49200  -0.58400   4.17735   2.96690  -0.19951
                            0.96900   2.62800  -2.84100   0.85446   2.16568  -3.02728
                            0.90400   1.00800  -0.04000   1.03733   0.32245  -0.37367
                           -5.49100  -0.23700  -1.89500  -5.62820  -0.23984  -1.61001
                            0.72300   1.26100   2.71400   0.86348   1.24829   2.20632
                           -1.58400   0.77600  -0.19700  -1.32215   1.19313   0.22060
                            0.51700  -4.11300   1.61800   0.68642  -4.44675   1.98362
                           -1.40800  -1.92600  -0.96600  -1.35983  -2.04236  -0.96092
                            0.18600   0.06600   2.30700  -0.16741   0.48567   2.13248
                           -0.11400  -2.85000  -0.15300   0.14773  -2.61296   0.31675
                           -0.10900  -1.96400   2.60300  -0.42478  -0.83619   2.32144
                            1.54900  -1.92600  -3.01100   0.86614  -1.73153  -3.12509
                            2.89800  -4.28800   0.24900   2.69562  -5.78266   0.12299
                            1.44400   0.28800   1.19500   1.94062   0.19590   1.25973
                           -1.04500   0.63400  -1.30600  -0.98391   0.40436  -1.22178
                            1.23300   2.33900  -2.26500   1.05000   2.32951  -1.81206
                            1.75600   1.25000   1.32700   1.02528   1.68254   1.41816
                           -0.76000  -3.23100  -1.32100  -0.49338  -3.24021  -1.50348
                            4.29000   0.25000  -1.20600   4.41847   0.60687  -1.00688
                            0.36600   1.41600   0.21700   0.41301   1.79235  -0.04758
                           -1.23800  -3.11700  -1.26700  -1.29325  -3.34727  -1.53565
                            0.72600  -2.32500   0.41700   0.42385  -2.64034   0.31065
                           -1.29900   0.57400  -0.28000  -1.41211   0.74031  -0.32430
                            2.01000   2.62400   0.25600   1.82057   2.99505   0.12510
                            0.05300   2.45400   1.33100  -0.39726   2.28562   1.34865
                            1.11500   0.75800   0.86300   1.10311   0.87344   0.96226
                           -1.89700  -2.42200   0.82100  -2.11646  -2.73786   0.24542
                            0.30100   3.63300   0.61200   0.66575   2.93962   1.05810
                           -0.25300  -0.34500   2.83300   0.02068  -0.14610   2.99120
                           -3.78800  -1.08700  -2.38600  -3.48625  -1.28905  -2.15340
                            0.19900  -1.04500   0.06500   0.41619  -0.82270   0.89335
                           -2.03100   0.05500  -0.48500  -1.65684   0.35140  -1.04017
                           -1.13800   0.09800  -1.76200  -0.84561  -0.26039  -1.91637
                            2.75200   2.48900   1.50400   3.09707   2.25779   2.12678
                           -2.72500  -0.21700   1.43600  -2.78024   0.30720   1.04037
                            2.82200  -0.11000  -1.40400   3.01530  -0.00313  -1.92620
                           -0.09300  -0.98400  -0.53600  -0.36533  -1.79559  -1.18169
                            2.47100   0.37800  -0.46700   2.30417   0.40159  -0.66488
                           -1.56500   1.57900  -1.62900  -1.70080   1.23069  -1.51147
                           -1.22800   0.50700   0.13200  -0.80053   0.16991   0.23099
                           -0.70300   1.73300   0.37100  -0.82454   2.12807   0.38389
vasprun1.xml_5              0.38900   0.84300   0.09500   0.25021   1.24772   0.19763
                           -0.28100   3.82000  -2.01100  -0.24041   3.54600  -2.46577
                           -2.45200  -2.89200  -0.01100  -2.44324  -3.11090   0.24710
                           -3.12800   1.75500  -2.41300  -2.71757   1.61170  -1.93212
                            3.07200  -0.93700   1.00200   2.89056  -0.54921   0.97544
                           -0.62000   0.88700   5.28200  -0.99397   1.49921   5.91360
                           -0.15100  -3.82500   0.87900  -0.22525  -3.44144   0.65808
                           -1.09400  -1.82800  -0.63300  -1.04615  -1.89218  -0.64045
                           -4.11000  -4.90500  -3.31700  -4.91180  -4.38520  -3.44241
                            3.33400  -0.54400  -0.21000   3.26681  -0.91587  -0.05698
                           -3.87800  -0.07800   1.44300  -3.89511   0.02867   1.02451
                            3.09600  -0.72700  -0.33600   3.38597  -0.28622  -0.09955
                            0.07800   1.25300   0.10300   0.30072   1.34797  -0.18260
                            1.27800  -3.03800  -4.87100   1.40121  -3.70712  -5.12559
                           -3.91600  -0.57300   1.39100  -4.19600  -0.65037   1.24453
                           -2.49000   0.06100   0.53400  -1.76505   0.11308   0.90879
                            0.08500  -0.47700  -0.44700   0.04376  -0.81119  -0.81400
                            1.25700   4.41100   1.48700   1.49107   4.51716   1.51832
                            2.62200   1.16400  -2.02700   2.67113   0.87172  -1.46870
                           -0.67600   5.90000  -0.73400  -0.61990   6.10400  -0.81590
                           -0.16400   2.24100   4.15000  -0.00325   1.69548   3.62921
                           -3.05100  -1.20500   1.60500  -2.69929  -1.30126   1.81978
                            5.16900   0.61300   3.33200   4.61508   1.08548   3.59899
                            5.14900   2.70400  -0.66500   4.70862   3.16194  -0.30880
                            2.16000   1.55700  -3.20700   2.06876   1.36545  -3.21687
                            0.81300   1.10900  -0.80900   0.85267   0.35581  -1.06392
                           -5.56500  -0.50500  -2.16100  -5.66622  -0.42250  -1.80482
                            0.86300   1.35100   2.78700   0.99762   1.31757   2.10048
                           -1.71800   0.23800  -0.39000  -1.35903   0.73853   0.15047
                            0.32400  -3.31400   1.60600   0.44274  -3.54506   1.89525
                           -1.61600  -2.02100  -1.26700  -1.51645  -2.02374  -1.19727
                            0.03900   0.33500   2.91700  -0.26450   0.66575   2.67194
                           -0.04900  -2.85600  -0.64400   0.10912  -2.54380  -0.20422
                           -0.60700  -2.35900   2.38000  -0.76300  -1.25778   2.15376
                            2.36300  -3.00200  -1.48900   1.56211  -2.56449  -1.59260
                            2.59600  -4.08400   0.39600   2.27026  -5.42918   0.17832
                            1.36600  -0.16400   0.69100   2.04901  -0.11345   0.73932
                           -1.43400   0.85200  -1.26300  -1.44525   0.72788  -1.18793
                            1.33200   2.15000  -2.62600   1.27650   2.10262  -2.25481
                            1.49400   1.79200   1.73000   0.79738   2.13475   1.62791
                           -1.04800  -1.81600  -0.59400  -0.85620  -1.92333  -0.68567
                            4.20500   0.16400  -2.30000   4.27773   0.52509  -2.03077
                            0.40100   0.97900   0.28200   0.27369   1.11200  -0.11368
                           -1.55900  -3.18000  -0.60800  -1.55723  -3.34452  -0.85126
                            0.59700  -1.20000  -0.06700   0.28928  -1.74358  -0.13010
                           -0.80200   0.31900  -0.07500  -0.85784   0.39640  -0.22031
                            2.43700   2.58200   0.36800   2.20307   2.87374   0.31877
                            1.16300   1.12300   0.37800   0.63695   1.11376   0.33316
                            0.71600   1.65400   1.02200   0.78166   1.67882   1.11789
                           -1.63000  -1.55900   0.71200  -1.87619  -1.86726   0.20683
                           -1.36900   3.08100   0.55300  -0.74780   2.43222   1.08350
                           -0.02900   0.41200   2.55300   0.28125   0.51677   2.79840
                           -4.10900  -0.91600  -2.01300  -3.79596  -1.09659  -1.95690
                           -0.04300  -1.18400   1.21700   0.32386  -1.21481   2.09109
                           -1.14800  -0.21400  -0.81700  -0.91594  -0.05837  -1.35520
                           -1.49400  -0.53500  -2.53200  -1.15882  -0.76462  -2.61611
                            2.49500   2.52900   1.09700   2.95065   2.14382   1.74981
                           -3.12400  -0.37100   1.38200  -3.31069   0.11710   1.03775
                            3.21200  -0.32900  -0.86600   3.33359  -0.15993  -1.44080
                            0.16700  -0.59300  -0.78000   0.06544  -1.34444  -1.34778
                            2.30300   0.24700  -0.51700   2.12794   0.34550  -0.78974
                           -1.54800   1.50700  -1.31400  -1.69743   1.19338  -1.25872
                           -1.01500   0.17700  -0.03500  -0.62584  -0.18682   0.11637
                           -0.65900   1.41600   0.67300  -0.82503   1.96811   0.56535
