 
 Forces:
 
 Structure          fitdata                        truedata
 ------------------------------------------------------------------------------
vasprun1.xml_1              0.00000   0.00000   0.00000  -0.00000  -0.00000  -0.00000
                            0.00000   0.00000   0.00000  -0.00000   0.00000  -0.00000
vasprun1.xml_2             -0.25700   1.54500  -1.30200  -0.09808   1.52520  -0.88640
                           -0.44000   3.29300  -2.07500  -0.30607   3.10207  -2.49632
                           -1.63800  -2.75600   0.93300  -1.58438  -2.80746   0.97211
                           -3.75400   3.30300  -1.99500  -3.68384   3.38451  -2.21111
                            1.36300   0.54400   1.31500   1.71387   0.86919   1.48049
                           -1.93400   1.63300   3.59300  -2.06628   1.72089   3.81069
                           -0.26500  -4.68800   0.33100  -0.03603  -4.39711   0.11589
                            0.22200  -1.93900  -0.31200   0.13053  -1.82641  -0.54999
                           -2.49500  -5.47400  -1.99400  -3.14681  -5.63820  -2.38821
                            3.20200   0.19000  -0.01600   3.20425   0.07874  -0.01112
                           -3.28800  -1.10800   4.70000  -3.00224  -0.81094   4.83074
                            3.38500  -1.69900   1.87200   3.51816  -1.46324   1.30783
                           -0.62700   0.81100   0.42200  -0.36086   0.88243   0.11123
                            1.34200  -2.38900  -4.72500   1.58160  -2.67586  -4.99635
                           -2.69700  -1.45400   0.16300  -2.59336  -1.30033   0.17592
                           -0.57700  -0.94000   0.65800  -0.57098  -0.96045   0.70922
                           -0.51600  -0.43400  -1.91700  -0.12395  -0.29814  -2.04406
                            0.94300   4.83100   2.44200   0.88802   4.94876   2.65414
                            1.90800  -0.75700  -1.91900   2.09279  -0.79328  -1.21107
                           -2.00500   5.26500  -1.49400  -2.14943   5.69930  -1.46068
                           -0.90000   0.46800   2.77800  -0.58147   0.26594   2.49704
                           -2.30700  -0.75500   0.77400  -2.45209  -1.01960   1.12693
                            6.44900  -0.54500   1.97600   6.10057  -0.26761   1.96810
                            3.06400   1.71300  -0.13700   2.57877   2.08089  -0.00999
                           -0.64700   4.47800  -1.98100  -0.81377   3.80810  -2.30747
                            0.91700   0.82100   0.65600   1.26591   0.34847   0.60444
                           -4.32500  -0.41700  -1.67000  -4.48874  -0.28255  -1.53697
                            0.54700   0.13200   2.40600   0.39012  -0.03007   2.32611
                           -0.92400   2.26500   0.19900  -0.91367   2.31080   0.20879
                            0.77100  -4.96100   2.27200   1.01638  -5.32003   2.67385
                           -1.16400  -2.07600  -0.10400  -1.19880  -2.26029  -0.26746
                            0.04600  -0.75400   1.70500  -0.06627  -0.47763   1.59230
                            0.04000  -2.21700   1.16300   0.05390  -2.01339   1.45065
                            0.51800  -1.44100   1.70500   0.36103  -0.73599   1.60065
                            0.45600  -0.82800  -5.94900   0.00094  -0.58066  -6.17321
                            3.75500  -3.06400   0.36400   3.46504  -3.70169   0.48187
                            1.42800   1.50900   1.53400   1.27984   1.11768   1.74916
                            0.69400  -0.16100  -1.00800   0.50551  -0.37041  -1.04793
                            0.69000   3.10200  -1.76400   0.52490   3.05831  -0.86914
                            1.51300   0.63700   0.25200   1.01363   0.87113   0.60429
                           -0.03800  -4.37000  -2.37700   0.19925  -5.07407  -2.78930
                            2.67800   0.77400  -0.17600   3.04479   1.07529   0.07663
                            0.22400   1.62300   0.10700   0.45173   2.56680  -0.07351
                           -0.36100  -2.47100  -2.60000  -0.40777  -2.44679  -2.98117
                            0.66100  -3.34800   0.46400   0.54798  -3.77199   0.83336
                           -1.60900   1.51800  -0.55000  -1.99485   1.48636  -0.42406
                            0.67000   2.08700  -0.81800   0.78602   2.62191  -0.81132
                           -0.75900   4.21800   2.48900  -1.07643   3.76626   2.65258
                            1.66200  -0.24600   0.09400   1.80337  -0.27156   0.46821
                           -2.19400  -3.59900   0.39900  -2.50965  -3.60446   0.13559
                            2.44500   2.83500   0.71300   2.60756   2.29567   0.87115
                           -0.13600  -1.54000   2.68300  -0.35579  -1.33600   2.68011
                           -2.33900  -1.28800  -2.57600  -2.46249  -1.41833  -2.30032
                           -0.09400  -0.30100  -1.60900   0.16908  -0.02982  -1.18271
                           -3.00700   0.31600   0.58300  -2.69857   0.91481   0.16543
                           -0.12800   1.49100   0.36100   0.10941   1.29214  -0.24906
                            2.31100   1.95400   2.08300   2.53815   2.14647   2.29144
                           -1.18500   0.16700   0.66400  -1.43175   0.63827   0.66309
                            1.10700   0.75000  -1.32000   1.31921   0.71582  -1.83109
                           -0.75800  -1.70500  -0.65600  -0.95818  -2.33005  -1.13257
                            1.81700   0.40700  -0.16800   2.02025   0.30428  -0.37801
                           -1.04900   0.99800  -1.95400  -1.35821   0.57044  -1.89299
                           -1.25200   1.41400   0.17800  -0.92638   1.21462   0.38247
                           -1.16000   2.63400   0.13000  -0.86537   2.63288   0.24107
vasprun1.xml_3             -0.09200   1.64800  -0.91300  -0.02152   1.69939  -0.52117
                           -0.39400   3.50100  -2.27700  -0.23597   3.19448  -2.56452
                           -1.82000  -3.32000   0.46600  -1.74557  -3.29750   0.62188
                           -3.80800   3.06400  -1.99300  -3.77897   3.10424  -2.04252
                            1.96100  -0.02500   1.04000   2.10832   0.33747   1.26768
                           -1.44800   1.42400   4.04000  -1.71943   1.59207   4.28396
                           -0.17700  -4.67400   0.51300  -0.10103  -4.21224   0.28877
                           -0.18400  -1.98700  -0.59800  -0.28736  -1.93380  -0.72280
                           -3.40800  -5.18000  -2.40200  -4.08392  -5.22093  -2.81224
                            3.32100   0.01200  -0.20000   3.28908  -0.23074  -0.10957
                           -3.46500  -0.91600   3.90200  -3.25263  -0.60492   3.73802
                            3.35200  -1.35400   1.32600   3.51336  -1.10445   0.87396
                           -0.42700   0.90900   0.40900  -0.20697   0.98616   0.11802
                            1.33300  -2.71200  -4.93600   1.65103  -3.12014  -5.26426
                           -2.89700  -1.08500   0.39200  -2.86755  -0.99894   0.37168
                           -1.09900  -0.56900   0.52700  -0.93601  -0.59395   0.83246
                           -0.43100  -0.32200  -1.42500  -0.16950  -0.37646  -1.64106
                            1.21200   4.36600   2.18600   1.27762   4.53338   2.40581
                            1.89300  -0.34800  -2.04600   2.03023  -0.39049  -1.37028
                           -1.29300   6.23900  -1.33700  -1.25888   6.99173  -1.24775
                           -0.76100   1.25600   3.19400  -0.46609   0.79387   2.77767
                           -2.68000  -0.72300   1.05400  -2.53643  -0.96763   1.26915
                            6.06800   0.04300   2.69900   5.76242   0.38415   2.80291
                            3.88800   2.09800  -0.24200   3.41388   2.59054  -0.05088
                            0.03000   3.87400  -2.48800  -0.16529   3.14203  -2.77615
                            0.89000   0.99000   0.27800   1.22154   0.32490   0.16998
                           -4.98500  -0.36700  -1.59600  -5.10628  -0.20936  -1.50454
                            0.73000   0.94600   2.51700   0.65116   0.79321   2.27461
                           -1.23000   1.73600   0.15100  -1.15917   1.83115   0.28084
                            0.66800  -4.96600   1.98200   0.84087  -5.19872   2.31587
                           -1.29300  -2.03400  -0.52800  -1.27624  -2.13844  -0.64499
                            0.04300  -0.11100   2.01600  -0.09219   0.08693   1.78906
                           -0.03200  -2.79100   0.60900   0.08269  -2.43609   0.87118
                            0.15700  -1.50400   2.14100  -0.03254  -0.61163   2.02975
                            0.97700  -1.42800  -4.93600   0.32749  -1.03486  -4.85870
                            3.36600  -4.29900   0.36700   3.01870  -5.38143   0.30663
                            1.59500   0.94500   1.34800   1.64838   0.66760   1.67059
                           -0.14200   0.32300  -1.12000  -0.29105   0.03434  -1.14826
                            0.93100   2.62000  -2.20000   0.82900   2.67158  -1.21921
                            1.61200   1.25900   0.82700   1.07322   1.31428   1.00364
                           -0.33600  -4.12100  -1.79500  -0.13358  -4.48927  -2.12992
                            3.54300   0.34800  -0.56900   3.90170   0.79926  -0.26008
                            0.32200   1.52200   0.19800   0.49014   2.31561  -0.08520
                           -0.93000  -3.15000  -1.85400  -0.92412  -3.08507  -2.21720
                            0.66600  -2.89800   0.32500   0.47654  -3.38240   0.57647
                           -1.41200   1.03300  -0.56900  -1.76628   1.08662  -0.45124
                            1.32600   2.44500  -0.05400   1.31914   2.90866  -0.18781
                           -0.54600   3.83000   2.11000  -0.94795   3.36700   2.13932
                            1.38900   0.32800   0.30900   1.48740   0.19882   0.70521
                           -2.07300  -3.28900   0.55500  -2.35167  -3.36182   0.23337
                            1.52900   3.45600   0.69900   1.85053   2.73367   0.98750
                           -0.05600  -0.98000   2.94200  -0.22427  -0.78550   2.96363
                           -2.87200  -1.23000  -2.46100  -3.02958  -1.40288  -2.28155
                           -0.04700  -0.71200  -0.86700   0.36746  -0.42520  -0.30911
                           -2.72900   0.16400  -0.07600  -2.38168   0.68341  -0.57952
                           -0.70600   0.69000  -0.55100  -0.38065   0.58813  -1.15054
                            2.61600   2.26100   1.83600   2.96632   2.33853   2.13623
                           -1.72900  -0.03800   0.98400  -2.13858   0.44312   0.98528
                            2.06300   0.42800  -1.49600   2.18699   0.32456  -2.04218
                           -0.34600  -1.49400  -0.62000  -0.67540  -2.12092  -1.11439
                            1.97700   0.38500  -0.30200   2.26676   0.36355  -0.53037
                           -1.26800   1.25200  -1.79400  -1.58203   0.86019  -1.81036
                           -1.23200   0.90000   0.13900  -0.89656   0.65475   0.32349
                           -1.11000   2.33100   0.16200  -0.82903   2.37640   0.23377
vasprun1.xml_4              0.13000   1.39900  -0.50800   0.10612   1.59241  -0.17839
                           -0.37600   3.76600  -2.46600  -0.23699   3.34591  -2.57179
                           -2.11700  -3.58400   0.32000  -1.97122  -3.53472   0.44371
                           -3.59100   2.50100  -2.04900  -3.49596   2.44899  -1.95666
                            2.56400  -0.52500   0.84500   2.49899  -0.11116   1.12911
                           -0.96700   1.30800   4.72600  -1.35693   1.54822   4.99704
                           -0.17600  -4.42900   0.64500  -0.21131  -3.88531   0.43205
                           -0.65700  -1.98400  -0.63900  -0.71972  -1.91846  -0.73836
                           -4.16700  -4.76000  -2.72300  -4.79870  -4.71672  -3.14833
                            3.37400  -0.26500  -0.29300   3.33936  -0.58919  -0.11284
                           -3.78000  -0.59500   2.58500  -3.63297  -0.29193   2.23416
                            3.29900  -0.92200   0.51600   3.51681  -0.68165   0.34432
                           -0.12800   1.00700   0.25700   0.01957   1.13986  -0.00660
                            1.17200  -3.04400  -5.00700   1.58262  -3.55700  -5.43078
                           -3.35700  -0.77300   0.86800  -3.35332  -0.76282   0.83421
                           -1.71400  -0.16500   0.45200  -1.42196  -0.22948   0.89787
                           -0.23700  -0.38200  -1.06900  -0.10184  -0.54863  -1.29784
                            1.25400   4.24600   1.74100   1.48057   4.40804   1.98369
                            2.12700   0.32600  -2.07500   2.20624   0.18818  -1.46427
                           -0.81700   6.17100  -1.16100  -0.70203   6.95061  -0.99717
                           -0.49900   1.90500   3.59300  -0.28224   1.28082   3.15360
                           -2.99100  -0.89700   1.42500  -2.61874  -1.05765   1.53873
                            5.44800   0.54800   3.20100   5.16995   0.88223   3.35810
                            4.68100   2.44100  -0.37500   4.17735   2.96690  -0.19951
                            1.15800   2.69300  -2.82100   0.85446   2.16568  -3.02728
                            0.78900   1.13000  -0.28400   1.03733   0.32245  -0.37367
                           -5.53100  -0.43900  -1.74100  -5.62820  -0.23984  -1.61001
                            0.90400   1.35400   2.62800   0.86348   1.24829   2.20632
                           -1.45300   0.97500   0.02100  -1.32215   1.19313   0.22060
                            0.58600  -4.42200   1.72100   0.68642  -4.44675   1.98362
                           -1.42500  -2.04800  -0.92000  -1.35983  -2.04236  -0.96092
                           -0.04700   0.36700   2.46800  -0.16741   0.48567   2.13248
                           -0.06500  -3.09000   0.09200   0.14773  -2.61296   0.31675
                           -0.24500  -1.83600   2.40700  -0.42478  -0.83619   2.32144
                            1.67500  -2.31100  -3.46900   0.86614  -1.73153  -3.12509
                            3.13400  -4.61300   0.36400   2.69562  -5.78266   0.12299
                            1.73500   0.37400   0.90000   1.94062   0.19590   1.25973
                           -0.85100   0.72900  -1.18100  -0.98391   0.40436  -1.22178
                            1.10800   2.20400  -2.75900   1.05000   2.32951  -1.81206
                            1.57300   1.77200   1.52700   1.02528   1.68254   1.41816
                           -0.63600  -3.02400  -1.26400  -0.49338  -3.24021  -1.50348
                            4.04900   0.10800  -1.35300   4.41847   0.60687  -1.00688
                            0.36000   1.28000   0.26100   0.41301   1.79235  -0.04758
                           -1.36300  -3.37700  -1.19100  -1.29325  -3.34727  -1.53565
                            0.68200  -2.00600   0.17600   0.42385  -2.64034   0.31065
                           -1.08200   0.59800  -0.45600  -1.41211   0.74031  -0.32430
                            1.90100   2.58400   0.25000   1.82057   2.99505   0.12510
                            0.14700   2.75300   1.36800  -0.39726   2.28562   1.34865
                            1.03800   1.14800   0.56600   1.10311   0.87344   0.96226
                           -1.83100  -2.60200   0.63700  -2.11646  -2.73786   0.24542
                            0.16300   3.78000   0.64900   0.66575   2.93962   1.05810
                            0.11800  -0.36300   2.92300   0.02068  -0.14610   2.99120
                           -3.37700  -1.10400  -2.19800  -3.48625  -1.28905  -2.15340
                           -0.14000  -1.06100   0.31000   0.41619  -0.82270   0.89335
                           -1.99300  -0.09200  -0.48900  -1.65684   0.35140  -1.04017
                           -1.20000  -0.34500  -1.45600  -0.84561  -0.26039  -1.91637
                            2.63300   2.30800   1.80500   3.09707   2.25779   2.12678
                           -2.30200  -0.14000   1.03900  -2.78024   0.30720   1.04037
                            2.95800   0.15600  -1.36400   3.01530  -0.00313  -1.92620
                            0.01800  -1.18400  -0.66300  -0.36533  -1.79559  -1.18169
                            1.94200   0.33200  -0.36500   2.30417   0.40159  -0.66488
                           -1.35500   1.64900  -1.42400  -1.70080   1.23069  -1.51147
                           -1.15100   0.50600   0.07700  -0.80053   0.16991   0.23099
                           -1.09700   1.96200   0.40400  -0.82454   2.12807   0.38389
vasprun1.xml_5              0.35000   0.96800  -0.05900   0.25021   1.24772   0.19763
                           -0.34700   4.12700  -2.54100  -0.24041   3.54600  -2.46577
                           -2.70100  -3.18800   0.14900  -2.44324  -3.11090   0.24710
                           -2.92900   1.75400  -2.14300  -2.71757   1.61170  -1.93212
                            3.08900  -1.02900   0.68800   2.89056  -0.54921   0.97544
                           -0.52300   1.10700   5.59800  -0.99397   1.49921   5.91360
                           -0.14600  -4.04300   0.83200  -0.22525  -3.44144   0.65808
                           -1.06700  -1.97900  -0.47400  -1.04615  -1.89218  -0.64045
                           -4.38600  -4.44500  -3.02700  -4.91180  -4.38520  -3.44241
                            3.29100  -0.56400  -0.28400   3.26681  -0.91587  -0.05698
                           -3.97400  -0.22600   1.34100  -3.89511   0.02867   1.02451
                            3.12000  -0.49700  -0.17900   3.38597  -0.28622  -0.09955
                            0.25300   1.15500   0.11900   0.30072   1.34797  -0.18260
                            0.95200  -3.13600  -4.65000   1.40121  -3.70712  -5.12559
                           -4.19000  -0.66400   1.21600  -4.19600  -0.65037   1.24453
                           -2.16000   0.20100   0.46000  -1.76505   0.11308   0.90879
                            0.01800  -0.59900  -0.58100   0.04376  -0.81119  -0.81400
                            1.13800   4.36000   1.30600   1.49107   4.51716   1.51832
                            2.69100   1.13400  -1.96400   2.67113   0.87172  -1.46870
                           -0.72100   5.52500  -1.01100  -0.61990   6.10400  -0.81590
                           -0.16100   2.29800   3.99300  -0.00325   1.69548   3.62921
                           -3.15900  -1.21300   1.70200  -2.69929  -1.30126   1.81978
                            4.84700   0.76400   3.41900   4.61508   1.08548   3.59899
                            5.29700   2.71500  -0.45500   4.70862   3.16194  -0.30880
                            2.39600   1.49300  -3.10800   2.06876   1.36545  -3.21687
                            0.72100   1.20600  -1.05400   0.85267   0.35581  -1.06392
                           -5.59500  -0.57000  -1.97400  -5.66622  -0.42250  -1.80482
                            1.09200   1.41000   2.72800   0.99762   1.31757   2.10048
                           -1.54000   0.38300  -0.07700  -1.35903   0.73853   0.15047
                            0.43700  -3.67200   1.77100   0.44274  -3.54506   1.89525
                           -1.60000  -2.15600  -1.28500  -1.51645  -2.02374  -1.19727
                           -0.18200   0.62800   3.08900  -0.26450   0.66575   2.67194
                           -0.16600  -3.11300  -0.44900   0.10912  -2.54380  -0.20422
                           -0.61300  -2.26100   2.20300  -0.76300  -1.25778   2.15376
                            2.43600  -3.32000  -2.01400   1.56211  -2.56449  -1.59260
                            2.79900  -4.48200   0.50900   2.27026  -5.42918   0.17832
                            1.74500   0.04100   0.35400   2.04901  -0.11345   0.73932
                           -1.29000   1.04900  -1.15200  -1.44525   0.72788  -1.18793
                            1.30400   2.05000  -3.03200   1.27650   2.10262  -2.25481
                            1.34200   2.32700   1.97700   0.79738   2.13475   1.62791
                           -0.95500  -1.73100  -0.53200  -0.85620  -1.92333  -0.68567
                            3.90000   0.06400  -2.39000   4.27773   0.52509  -2.03077
                            0.30400   0.90500   0.27300   0.27369   1.11200  -0.11368
                           -1.66000  -3.38900  -0.60500  -1.55723  -3.34452  -0.85126
                            0.58300  -0.90200  -0.12700   0.28928  -1.74358  -0.13010
                           -0.61900   0.16900  -0.34200  -0.85784   0.39640  -0.22031
                            2.34200   2.58700   0.39400   2.20307   2.87374   0.31877
                            1.25900   1.48700   0.37500   0.63695   1.11376   0.33316
                            0.72000   1.99600   0.73000   0.78166   1.67882   1.11789
                           -1.56700  -1.64000   0.67400  -1.87619  -1.86726   0.20683
                           -1.39300   3.29700   0.60000  -0.74780   2.43222   1.08350
                            0.28300   0.32400   2.63000   0.28125   0.51677   2.79840
                           -3.78900  -0.94700  -1.84700  -3.79596  -1.09659  -1.95690
                           -0.35000  -1.39000   1.44200   0.32386  -1.21481   2.09109
                           -1.15700  -0.39800  -0.83100  -0.91594  -0.05837  -1.35520
                           -1.49700  -0.94300  -2.31900  -1.15882  -0.76462  -2.61611
                            2.43300   2.29000   1.41900   2.95065   2.14382   1.74981
                           -2.78500  -0.26800   1.00300  -3.31069   0.11710   1.03775
                            3.36100   0.02000  -0.89400   3.33359  -0.15993  -1.44080
                            0.38700  -0.80100  -0.78400   0.06544  -1.34444  -1.34778
                            1.71200   0.22400  -0.41000   2.12794   0.34550  -0.78974
                           -1.30400   1.67600  -1.10700  -1.69743   1.19338  -1.25872
                           -1.01500   0.20900  -0.00100  -0.62584  -0.18682   0.11637
                           -1.06100   1.61700   0.70200  -0.82503   1.96811   0.56535
