 
 Forces:
 
 Structure          fitdata                        truedata
 ------------------------------------------------------------------------------
vasprun1.xml_1              0.00000   0.00000   0.00000  -0.00000  -0.00000  -0.00000
                            0.00000   0.00000   0.00000  -0.00000   0.00000  -0.00000
vasprun1.xml_2             -0.35400   1.18200  -1.28600  -0.09808   1.52520  -0.88640
                           -0.52800   3.48900  -1.94600  -0.30607   3.10207  -2.49632
                           -1.30800  -2.35200   1.03800  -1.58438  -2.80746   0.97211
                           -3.77300   3.38600  -1.99900  -3.68384   3.38451  -2.21111
                            1.56900   0.13000   1.10800   1.71387   0.86919   1.48049
                           -2.11400   1.66100   3.53100  -2.06628   1.72089   3.81069
                           -0.17100  -4.19000   0.58200  -0.03603  -4.39711   0.11589
                            0.21100  -1.98600  -0.52200   0.13053  -1.82641  -0.54999
                           -2.25400  -5.54300  -2.15000  -3.14681  -5.63820  -2.38821
                            3.32000   0.06800  -0.28200   3.20425   0.07874  -0.01112
                           -2.98100  -1.21100   4.97500  -3.00224  -0.81094   4.83074
                            3.13600  -1.70000   1.75400   3.51816  -1.46324   1.30783
                           -0.38600   0.66300   0.21100  -0.36086   0.88243   0.11123
                            1.34800  -2.51300  -4.79100   1.58160  -2.67586  -4.99635
                           -2.62900  -1.35800   0.19500  -2.59336  -1.30033   0.17592
                           -1.11000  -1.04400   0.86900  -0.57098  -0.96045   0.70922
                           -0.23500  -0.25200  -1.91400  -0.12395  -0.29814  -2.04406
                            0.70100   4.80700   2.60600   0.88802   4.94876   2.65414
                            1.96300  -0.69900  -1.86000   2.09279  -0.79328  -1.21107
                           -1.69300   5.72700  -1.37500  -2.14943   5.69930  -1.46068
                           -1.00600   0.43300   2.68600  -0.58147   0.26594   2.49704
                           -2.63800  -0.81100   0.92700  -2.45209  -1.01960   1.12693
                            6.57400  -0.35100   1.93500   6.10057  -0.26761   1.96810
                            3.15400   1.86200  -0.28000   2.57877   2.08089  -0.00999
                           -0.41400   4.22000  -2.25500  -0.81377   3.80810  -2.30747
                            0.99800   0.55700   0.73900   1.26591   0.34847   0.60444
                           -4.43100  -0.13300  -1.75900  -4.48874  -0.28255  -1.53697
                            0.31400  -0.17200   2.63800   0.39012  -0.03007   2.32611
                           -1.00000   2.01700   0.24400  -0.91367   2.31080   0.20879
                            0.79200  -4.87900   2.26100   1.01638  -5.32003   2.67385
                           -0.93600  -2.07400  -0.28200  -1.19880  -2.26029  -0.26746
                            0.16100  -0.83700   1.71100  -0.06627  -0.47763   1.59230
                            0.04400  -2.34700   1.04500   0.05390  -2.01339   1.45065
                            0.58300  -1.34600   1.68200   0.36103  -0.73599   1.60065
                            0.02000  -0.70900  -5.88000   0.00094  -0.58066  -6.17321
                            3.62700  -3.10600   0.21100   3.46504  -3.70169   0.48187
                            1.21100   1.49400   1.69200   1.27984   1.11768   1.74916
                            0.57800  -0.22900  -0.96700   0.50551  -0.37041  -1.04793
                            1.12700   3.05100  -1.52500   0.52490   3.05831  -0.86914
                            1.59000   0.47600   0.48700   1.01363   0.87113   0.60429
                           -0.04500  -4.48400  -2.19500   0.19925  -5.07407  -2.78930
                            2.71400   1.11100  -0.16200   3.04479   1.07529   0.07663
                            0.21600   1.77900  -0.32900   0.45173   2.56680  -0.07351
                           -0.30400  -2.38000  -2.82000  -0.40777  -2.44679  -2.98117
                            0.54800  -3.31900   0.72100   0.54798  -3.77199   0.83336
                           -1.67100   1.34000  -0.42100  -1.99485   1.48636  -0.42406
                            0.72800   2.14000  -0.67800   0.78602   2.62191  -0.81132
                           -0.57500   4.34100   2.06700  -1.07643   3.76626   2.65258
                            1.75200  -0.05100   0.11400   1.80337  -0.27156   0.46821
                           -2.12900  -3.51600   0.46700  -2.50965  -3.60446   0.13559
                            2.23500   2.47900   0.55600   2.60756   2.29567   0.87115
                           -0.38400  -1.61400   2.68600  -0.35579  -1.33600   2.68011
                           -2.77100  -1.32000  -2.57600  -2.46249  -1.41833  -2.30032
                           -0.12300  -0.30700  -1.52500   0.16908  -0.02982  -1.18271
                           -2.88700   0.39300   0.68100  -2.69857   0.91481   0.16543
                           -0.03600   1.50500   0.29200   0.10941   1.29214  -0.24906
                            2.33600   1.98900   2.05700   2.53815   2.14647   2.29144
                           -1.37800   0.20900   0.52300  -1.43175   0.63827   0.66309
                            0.99200   0.50100  -1.37800   1.31921   0.71582  -1.83109
                           -0.66500  -1.72600  -0.69000  -0.95818  -2.33005  -1.13257
                            2.03100   0.42100  -0.13200   2.02025   0.30428  -0.37801
                           -1.12700   0.97200  -1.84300  -1.35821   0.57044  -1.89299
                           -1.34700   1.62800   0.22600  -0.92638   1.21462   0.38247
                           -1.17000   2.53000   0.30700  -0.86537   2.63288   0.24107
vasprun1.xml_3             -0.19000   1.35100  -0.87700  -0.02152   1.69939  -0.52117
                           -0.37500   3.68300  -2.06500  -0.23597   3.19448  -2.56452
                           -1.43300  -2.83400   0.63400  -1.74557  -3.29750   0.62188
                           -3.80300   3.20600  -2.02100  -3.77897   3.10424  -2.04252
                            2.08300  -0.42000   0.97300   2.10832   0.33747   1.26768
                           -1.67500   1.33800   3.86800  -1.71943   1.59207   4.28396
                           -0.17300  -4.23700   0.77200  -0.10103  -4.21224   0.28877
                           -0.21600  -2.06900  -0.76500  -0.28736  -1.93380  -0.72280
                           -3.16200  -5.30200  -2.66700  -4.08392  -5.22093  -2.81224
                            3.37700  -0.02600  -0.47400   3.28908  -0.23074  -0.10957
                           -3.23400  -0.94700   4.01100  -3.25263  -0.60492   3.73802
                            3.06400  -1.41100   1.05300   3.51336  -1.10445   0.87396
                           -0.23400   0.85200   0.24200  -0.20697   0.98616   0.11802
                            1.44600  -2.77700  -4.99900   1.65103  -3.12014  -5.26426
                           -2.85300  -1.03600   0.44100  -2.86755  -0.99894   0.37168
                           -1.57400  -0.69900   0.84200  -0.93601  -0.59395   0.83246
                           -0.16800  -0.19900  -1.35200  -0.16950  -0.37646  -1.64106
                            1.01600   4.40000   2.34200   1.27762   4.53338   2.40581
                            1.93400  -0.39800  -1.93200   2.03023  -0.39049  -1.37028
                           -0.88100   6.81900  -1.14000  -1.25888   6.99173  -1.24775
                           -0.87800   1.19000   3.13200  -0.46609   0.79387   2.77767
                           -2.92000  -0.65900   1.12500  -2.53643  -0.96763   1.26915
                            6.29100   0.14300   2.62000   5.76242   0.38415   2.80291
                            3.82700   2.32100  -0.47100   3.41388   2.59054  -0.05088
                            0.29200   3.60000  -2.79200  -0.16529   3.14203  -2.77615
                            1.12000   0.67400   0.28500   1.22154   0.32490   0.16998
                           -5.05800  -0.09200  -1.77800  -5.10628  -0.20936  -1.50454
                            0.53800   0.61300   2.72100   0.65116   0.79321   2.27461
                           -1.29700   1.55800   0.09100  -1.15917   1.83115   0.28084
                            0.63800  -4.86200   1.95000   0.84087  -5.19872   2.31587
                           -1.12900  -2.03500  -0.66700  -1.27624  -2.13844  -0.64499
                            0.16200  -0.27700   1.94500  -0.09219   0.08693   1.78906
                            0.00700  -2.83400   0.50400   0.08269  -2.43609   0.87118
                            0.14000  -1.39400   2.09800  -0.03254  -0.61163   2.02975
                            0.51900  -1.18900  -4.75200   0.32749  -1.03486  -4.85870
                            3.14500  -4.55600   0.27900   3.01870  -5.38143   0.30663
                            1.41600   0.97600   1.54200   1.64838   0.66760   1.67059
                           -0.19000   0.12900  -1.08400  -0.29105   0.03434  -1.14826
                            1.52100   2.69000  -1.91600   0.82900   2.67158  -1.21921
                            1.68600   1.02800   1.01900   1.07322   1.31428   1.00364
                           -0.34200  -4.18700  -1.67500  -0.13358  -4.48927  -2.12992
                            3.63900   0.70200  -0.49700   3.90170   0.79926  -0.26008
                            0.26200   1.69400  -0.20400   0.49014   2.31561  -0.08520
                           -0.78100  -2.98000  -2.06500  -0.92412  -3.08507  -2.21720
                            0.51900  -2.88700   0.52600   0.47654  -3.38240   0.57647
                           -1.42100   0.89800  -0.40800  -1.76628   1.08662  -0.45124
                            1.26000   2.48900  -0.03100   1.31914   2.90866  -0.18781
                           -0.28200   3.94900   1.72500  -0.94795   3.36700   2.13932
                            1.42600   0.43200   0.44200   1.48740   0.19882   0.70521
                           -1.99700  -3.26000   0.55800  -2.35167  -3.36182   0.23337
                            1.33800   3.07700   0.59800   1.85053   2.73367   0.98750
                           -0.35900  -0.99600   2.92200  -0.22427  -0.78550   2.96363
                           -3.39500  -1.38200  -2.53800  -3.02958  -1.40288  -2.28155
                           -0.08900  -0.61500  -0.73000   0.36746  -0.42520  -0.30911
                           -2.58900   0.22400   0.02400  -2.38168   0.68341  -0.57952
                           -0.48800   0.76800  -0.49800  -0.38065   0.58813  -1.15054
                            2.64100   2.26700   1.82700   2.96632   2.33853   2.13623
                           -2.10400  -0.02900   0.93400  -2.13858   0.44312   0.98528
                            1.96300   0.11200  -1.52100   2.18699   0.32456  -2.04218
                           -0.39800  -1.52100  -0.63800  -0.67540  -2.12092  -1.11439
                            2.21100   0.41600  -0.25800   2.26676   0.36355  -0.53037
                           -1.37500   1.14100  -1.71000  -1.58203   0.86019  -1.81036
                           -1.33000   1.10500   0.15100  -0.89656   0.65475   0.32349
                           -1.08900   2.26400   0.32800  -0.82903   2.37640   0.23377
vasprun1.xml_4              0.03700   1.19000  -0.40300   0.10612   1.59241  -0.17839
                           -0.27300   3.93500  -2.18100  -0.23699   3.34591  -2.57179
                           -1.72300  -3.09600   0.35800  -1.97122  -3.53472   0.44371
                           -3.55900   2.62600  -2.11900  -3.49596   2.44899  -1.95666
                            2.61400  -0.85100   0.98500   2.49899  -0.11116   1.12911
                           -1.20000   1.07900   4.47300  -1.35693   1.54822   4.99704
                           -0.25400  -4.09100   0.92000  -0.21131  -3.88531   0.43205
                           -0.65400  -1.97300  -0.77300  -0.71972  -1.91846  -0.73836
                           -3.91100  -4.92000  -3.12800  -4.79870  -4.71672  -3.14833
                            3.38600  -0.20800  -0.56800   3.33936  -0.58919  -0.11284
                           -3.60400  -0.57400   2.52800  -3.63297  -0.29193   2.23416
                            3.03100  -1.07500   0.30800   3.51681  -0.68165   0.34432
                           -0.01600   1.08000   0.15500   0.01957   1.13986  -0.00660
                            1.37400  -3.05900  -5.04400   1.58262  -3.55700  -5.43078
                           -3.21800  -0.73200   0.91700  -3.35332  -0.76282   0.83421
                           -2.14000  -0.30700   0.82900  -1.42196  -0.22948   0.89787
                           -0.02300  -0.26600  -0.90900  -0.10184  -0.54863  -1.29784
                            1.17800   4.28400   1.92700   1.48057   4.40804   1.98369
                            2.09800   0.14300  -1.95200   2.20624   0.18818  -1.46427
                           -0.39900   6.77900  -0.88800  -0.70203   6.95061  -0.99717
                           -0.59300   1.84500   3.58200  -0.28224   1.28082   3.15360
                           -3.16400  -0.67200   1.43300  -2.61874  -1.05765   1.53873
                            5.73200   0.59400   3.11800   5.16995   0.88223   3.35810
                            4.54800   2.68100  -0.67700   4.17735   2.96690  -0.19951
                            1.25300   2.50800  -3.09900   0.85446   2.16568  -3.02728
                            1.07700   0.79200  -0.21500   1.03733   0.32245  -0.37367
                           -5.53000  -0.21900  -1.94600  -5.62820  -0.23984  -1.61001
                            0.76300   1.06000   2.79600   0.86348   1.24829   2.20632
                           -1.53500   0.90400  -0.16700  -1.32215   1.19313   0.22060
                            0.53700  -4.25600   1.70700   0.68642  -4.44675   1.98362
                           -1.38100  -2.06000  -1.01000  -1.35983  -2.04236  -0.96092
                            0.06100   0.07600   2.31500  -0.16741   0.48567   2.13248
                            0.04800  -3.11900  -0.03700   0.14773  -2.61296   0.31675
                           -0.36600  -1.69400   2.33100  -0.42478  -0.83619   2.32144
                            1.27600  -1.97700  -3.18900   0.86614  -1.73153  -3.12509
                            2.84400  -4.94400   0.26300   2.69562  -5.78266   0.12299
                            1.55800   0.36900   1.14300   1.94062   0.19590   1.25973
                           -0.87600   0.42700  -1.14000  -0.98391   0.40436  -1.22178
                            1.69400   2.36300  -2.42500   1.05000   2.32951  -1.81206
                            1.62000   1.52300   1.56200   1.02528   1.68254   1.41816
                           -0.62300  -2.99700  -1.28000  -0.49338  -3.24021  -1.50348
                            4.21800   0.42800  -1.26500   4.41847   0.60687  -1.00688
                            0.21800   1.32900  -0.05800   0.41301   1.79235  -0.04758
                           -1.14100  -3.23100  -1.42600  -1.29325  -3.34727  -1.53565
                            0.54200  -2.04400   0.27700   0.42385  -2.64034   0.31065
                           -1.05700   0.52700  -0.22400  -1.41211   0.74031  -0.32430
                            1.83500   2.63700   0.30900   1.82057   2.99505   0.12510
                            0.25000   2.85500   1.14100  -0.39726   2.28562   1.34865
                            1.00600   1.10600   0.74400   1.10311   0.87344   0.96226
                           -1.77900  -2.58000   0.55400  -2.11646  -2.73786   0.24542
                            0.08500   3.45100   0.60400   0.66575   2.93962   1.05810
                           -0.21900  -0.27800   2.92100   0.02068  -0.14610   2.99120
                           -3.88500  -1.31900  -2.33800  -3.48625  -1.28905  -2.15340
                           -0.22300  -0.92200   0.29700   0.41619  -0.82270   0.89335
                           -1.84900  -0.03300  -0.43300  -1.65684   0.35140  -1.04017
                           -0.92800  -0.17100  -1.26000  -0.84561  -0.26039  -1.91637
                            2.68700   2.31400   1.79500   3.09707   2.25779   2.12678
                           -2.63200  -0.15500   1.07000  -2.78024   0.30720   1.04037
                            2.89800  -0.22100  -1.38900   3.01530  -0.00313  -1.92620
                           -0.22400  -1.24100  -0.70400  -0.36533  -1.79559  -1.18169
                            2.18500   0.38900  -0.35700   2.30417   0.40159  -0.66488
                           -1.46800   1.47800  -1.38500  -1.70080   1.23069  -1.51147
                           -1.18300   0.58800   0.06600  -0.80053   0.16991   0.23099
                           -1.01800   1.93200   0.56600  -0.82454   2.12807   0.38389
vasprun1.xml_5              0.28500   0.76400   0.17500   0.25021   1.24772   0.19763
                           -0.19500   4.25100  -2.19800  -0.24041   3.54600  -2.46577
                           -2.33600  -2.71100   0.07000  -2.44324  -3.11090   0.24710
                           -2.84800   1.79900  -2.29400  -2.71757   1.61170  -1.93212
                            3.14900  -1.23400   0.96800   2.89056  -0.54921   0.97544
                           -0.68800   0.78400   5.34600  -0.99397   1.49921   5.91360
                           -0.31100  -3.80300   1.13100  -0.22525  -3.44144   0.65808
                           -1.01300  -1.89200  -0.65300  -1.04615  -1.89218  -0.64045
                           -4.10600  -4.63200  -3.56800  -4.91180  -4.38520  -3.44241
                            3.27200  -0.41000  -0.56300   3.26681  -0.91587  -0.05698
                           -3.84700  -0.21000   1.19800  -3.89511   0.02867   1.02451
                            2.88700  -0.76400  -0.26200   3.38597  -0.28622  -0.09955
                            0.23600   1.34000   0.03300   0.30072   1.34797  -0.18260
                            1.21800  -3.11600  -4.65800   1.40121  -3.70712  -5.12559
                           -4.01100  -0.55300   1.31600  -4.19600  -0.65037   1.24453
                           -2.51500   0.06800   0.81400  -1.76505   0.11308   0.90879
                            0.17900  -0.47700  -0.38600   0.04376  -0.81119  -0.81400
                            1.19400   4.36500   1.45700   1.49107   4.51716   1.51832
                            2.55500   0.87100  -1.87800   2.67113   0.87172  -1.46870
                           -0.39400   6.10300  -0.67000  -0.61990   6.10400  -0.81590
                           -0.17200   2.35700   4.09200  -0.00325   1.69548   3.62921
                           -3.35200  -0.85100   1.75000  -2.69929  -1.30126   1.81978
                            5.18700   0.83300   3.37100   4.61508   1.08548   3.59899
                            5.13300   2.92600  -0.79300   4.70862   3.16194  -0.30880
                            2.38800   1.57700  -3.34200   2.06876   1.36545  -3.21687
                            0.99900   0.86600  -0.86400   0.85267   0.35581  -1.06392
                           -5.53600  -0.49500  -2.19600  -5.66622  -0.42250  -1.80482
                            0.91700   1.16800   2.84600   0.99762   1.31757   2.10048
                           -1.66400   0.45000  -0.37700  -1.35903   0.73853   0.15047
                            0.38900  -3.47500   1.64200   0.44274  -3.54506   1.89525
                           -1.68900  -2.13600  -1.33600  -1.51645  -2.02374  -1.19727
                           -0.09500   0.30900   2.91000  -0.26450   0.66575   2.67194
                            0.00300  -3.12000  -0.57400   0.10912  -2.54380  -0.20422
                           -0.81800  -2.06400   2.10900  -0.76300  -1.25778   2.15376
                            2.18900  -3.01800  -1.71300   1.56211  -2.56449  -1.59260
                            2.42900  -4.79400   0.36600   2.27026  -5.42918   0.17832
                            1.53300  -0.07000   0.65600   2.04901  -0.11345   0.73932
                           -1.36600   0.66600  -1.10700  -1.44525   0.72788  -1.18793
                            1.77900   2.11800  -2.70700   1.27650   2.10262  -2.25481
                            1.37700   2.09200   1.90200   0.79738   2.13475   1.62791
                           -0.89900  -1.69200  -0.64600  -0.85620  -1.92333  -0.68567
                            4.09800   0.33600  -2.34300   4.27773   0.52509  -2.03077
                            0.14100   0.81300   0.00800   0.27369   1.11200  -0.11368
                           -1.38200  -3.26200  -0.76800  -1.55723  -3.34452  -0.85126
                            0.49100  -1.06500  -0.17300   0.28928  -1.74358  -0.13010
                           -0.57400   0.15500  -0.07200  -0.85784   0.39640  -0.22031
                            2.30100   2.61300   0.46200   2.20307   2.87374   0.31877
                            1.20300   1.52800   0.36800   0.63695   1.11376   0.33316
                            0.65300   1.88400   0.85500   0.78166   1.67882   1.11789
                           -1.56300  -1.61800   0.48700  -1.87619  -1.86726   0.20683
                           -1.34500   3.07300   0.59200  -0.74780   2.43222   1.08350
                           -0.06400   0.50800   2.68300   0.28125   0.51677   2.79840
                           -4.21700  -1.19800  -1.98700  -3.79596  -1.09659  -1.95690
                           -0.48300  -1.15700   1.35700   0.32386  -1.21481   2.09109
                           -1.03700  -0.33500  -0.80600  -0.91594  -0.05837  -1.35520
                           -1.20500  -0.77200  -2.05200  -1.15882  -0.76462  -2.61611
                            2.51900   2.32400   1.39500   2.95065   2.14382   1.74981
                           -3.08500  -0.29000   1.09200  -3.31069   0.11710   1.03775
                            3.31000  -0.35700  -0.90900   3.33359  -0.15993  -1.44080
                            0.08500  -0.88400  -0.87100   0.06544  -1.34444  -1.34778
                            1.96900   0.29300  -0.44300   2.12794   0.34550  -0.78974
                           -1.40200   1.45300  -1.03900  -1.69743   1.19338  -1.25872
                           -0.92500   0.13700  -0.04400  -0.62584  -0.18682   0.11637
                           -0.93700   1.62500   0.83500  -0.82503   1.96811   0.56535
