 
 Forces:
 
 Structure          fitdata                        truedata
 ------------------------------------------------------------------------------
vasprun1.xml_1              0.00000   0.00000   0.00000  -0.00000  -0.00000  -0.00000
                            0.00000   0.00000   0.00000  -0.00000   0.00000  -0.00000
vasprun1.xml_2             -0.23900   1.48300  -1.35600  -0.09808   1.52520  -0.88640
                           -0.49400   3.28300  -1.77500  -0.30607   3.10207  -2.49632
                           -1.61100  -2.66700   0.95300  -1.58438  -2.80746   0.97211
                           -3.73800   3.16100  -2.17800  -3.68384   3.38451  -2.21111
                            1.43000   0.43500   1.38100   1.71387   0.86919   1.48049
                           -1.96000   1.64000   3.51500  -2.06628   1.72089   3.81069
                           -0.18000  -4.57500   0.37300  -0.03603  -4.39711   0.11589
                            0.22200  -2.03900  -0.45700   0.13053  -1.82641  -0.54999
                           -2.39800  -5.61200  -2.10500  -3.14681  -5.63820  -2.38821
                            3.25200   0.13300  -0.02900   3.20425   0.07874  -0.01112
                           -3.38200  -1.10700   4.61600  -3.00224  -0.81094   4.83074
                            3.41400  -1.75000   1.88400   3.51816  -1.46324   1.30783
                           -0.61000   0.92600   0.43500  -0.36086   0.88243   0.11123
                            1.43400  -2.43800  -4.71500   1.58160  -2.67586  -4.99635
                           -2.67700  -1.42500   0.17800  -2.59336  -1.30033   0.17592
                           -0.87700  -0.98800   0.64200  -0.57098  -0.96045   0.70922
                           -0.49100  -0.50000  -2.03700  -0.12395  -0.29814  -2.04406
                            1.00300   4.78800   2.42300   0.88802   4.94876   2.65414
                            1.80300  -0.67200  -1.87100   2.09279  -0.79328  -1.21107
                           -2.04900   5.51500  -1.30400  -2.14943   5.69930  -1.46068
                           -0.91300   0.27100   2.72700  -0.58147   0.26594   2.49704
                           -2.45700  -0.77800   0.72600  -2.45209  -1.01960   1.12693
                            6.63200  -0.69600   1.91400   6.10057  -0.26761   1.96810
                            3.23100   1.82100  -0.33900   2.57877   2.08089  -0.00999
                           -0.75100   4.40900  -2.01600  -0.81377   3.80810  -2.30747
                            0.99100   0.73700   0.82000   1.26591   0.34847   0.60444
                           -4.32400  -0.29700  -1.67400  -4.48874  -0.28255  -1.53697
                            0.44600   0.20400   2.46800   0.39012  -0.03007   2.32611
                           -0.86300   2.06700   0.26700  -0.91367   2.31080   0.20879
                            0.76600  -4.70300   2.30900   1.01638  -5.32003   2.67385
                           -1.16700  -2.09700  -0.16400  -1.19880  -2.26029  -0.26746
                            0.07500  -0.89400   1.62900  -0.06627  -0.47763   1.59230
                           -0.22000  -2.00700   0.81500   0.05390  -2.01339   1.45065
                            0.70900  -1.57600   1.83800   0.36103  -0.73599   1.60065
                            0.46000  -0.64700  -5.61200   0.00094  -0.58066  -6.17321
                            3.66100  -2.81500   0.28100   3.46504  -3.70169   0.48187
                            1.31600   1.53900   1.68500   1.27984   1.11768   1.74916
                            0.49500  -0.07100  -1.10000   0.50551  -0.37041  -1.04793
                            0.59800   3.05600  -1.31200   0.52490   3.05831  -0.86914
                            1.67700   0.41700   0.10900   1.01363   0.87113   0.60429
                           -0.18000  -4.52500  -2.39800   0.19925  -5.07407  -2.78930
                            2.79300   0.89600  -0.07600   3.04479   1.07529   0.07663
                            0.14300   1.73600   0.12100   0.45173   2.56680  -0.07351
                           -0.14300  -2.39500  -2.80100  -0.40777  -2.44679  -2.98117
                            0.70800  -3.62500   0.74000   0.54798  -3.77199   0.83336
                           -1.83400   1.45000  -0.55600  -1.99485   1.48636  -0.42406
                            0.82400   2.26900  -0.71700   0.78602   2.62191  -0.81132
                           -0.85800   3.87700   2.63700  -1.07643   3.76626   2.65258
                            1.85200  -0.57300   0.17700   1.80337  -0.27156   0.46821
                           -2.33100  -3.35300   0.62300  -2.50965  -3.60446   0.13559
                            2.59100   2.90100   0.56900   2.60756   2.29567   0.87115
                           -0.36100  -1.52200   2.59700  -0.35579  -1.33600   2.68011
                           -2.55900  -1.11400  -2.67700  -2.46249  -1.41833  -2.30032
                            0.09900  -0.41200  -1.80000   0.16908  -0.02982  -1.18271
                           -3.13000   0.41500   0.60300  -2.69857   0.91481   0.16543
                           -0.10700   1.85700   0.17000   0.10941   1.29214  -0.24906
                            2.50400   1.96200   1.84100   2.53815   2.14647   2.29144
                           -1.49500   0.16400   0.96200  -1.43175   0.63827   0.66309
                            1.06300   0.76600  -1.42600   1.31921   0.71582  -1.83109
                           -0.66600  -1.66700  -0.41900  -0.95818  -2.33005  -1.13257
                            2.06500   0.36000  -0.22800   2.02025   0.30428  -0.37801
                           -1.12200   1.12400  -2.15300  -1.35821   0.57044  -1.89299
                           -1.22400   1.39900   0.25200  -0.92638   1.21462   0.38247
                           -0.84300   2.47900   0.01600  -0.86537   2.63288   0.24107
vasprun1.xml_3             -0.06900   1.56800  -0.92700  -0.02152   1.69939  -0.52117
                           -0.39800   3.45200  -1.93700  -0.23597   3.19448  -2.56452
                           -1.77800  -3.19800   0.47500  -1.74557  -3.29750   0.62188
                           -3.84400   2.92500  -2.20300  -3.77897   3.10424  -2.04252
                            2.00100  -0.11700   1.16000   2.10832   0.33747   1.26768
                           -1.44600   1.39800   3.90200  -1.71943   1.59207   4.28396
                           -0.11100  -4.56800   0.53200  -0.10103  -4.21224   0.28877
                           -0.22200  -2.06900  -0.72700  -0.28736  -1.93380  -0.72280
                           -3.27700  -5.37100  -2.54600  -4.08392  -5.22093  -2.81224
                            3.35300  -0.01600  -0.19400   3.28908  -0.23074  -0.10957
                           -3.52400  -0.86400   3.84900  -3.25263  -0.60492   3.73802
                            3.41600  -1.45900   1.28700   3.51336  -1.10445   0.87396
                           -0.41800   1.01800   0.42400  -0.20697   0.98616   0.11802
                            1.45700  -2.74000  -4.91300   1.65103  -3.12014  -5.26426
                           -2.88100  -1.05100   0.43400  -2.86755  -0.99894   0.37168
                           -1.42900  -0.65000   0.51600  -0.93601  -0.59395   0.83246
                           -0.41700  -0.34700  -1.54300  -0.16950  -0.37646  -1.64106
                            1.28700   4.34900   2.17500   1.27762   4.53338   2.40581
                            1.82700  -0.23800  -2.01000   2.03023  -0.39049  -1.37028
                           -1.38500   6.39800  -1.13900  -1.25888   6.99173  -1.24775
                           -0.73800   1.03400   3.17600  -0.46609   0.79387   2.77767
                           -2.74400  -0.69500   0.89900  -2.53643  -0.96763   1.26915
                            6.27900  -0.10500   2.63000   5.76242   0.38415   2.80291
                            4.02000   2.20100  -0.48700   3.41388   2.59054  -0.05088
                           -0.10100   3.90600  -2.49900  -0.16529   3.14203  -2.77615
                            0.98500   0.88500   0.41200   1.22154   0.32490   0.16998
                           -4.89500  -0.26600  -1.57400  -5.10628  -0.20936  -1.50454
                            0.64500   1.01200   2.55600   0.65116   0.79321   2.27461
                           -1.19800   1.56900   0.16300  -1.15917   1.83115   0.28084
                            0.62300  -4.65300   1.98000   0.84087  -5.19872   2.31587
                           -1.26900  -2.04100  -0.58000  -1.27624  -2.13844  -0.64499
                            0.07800  -0.27900   1.95500  -0.09219   0.08693   1.78906
                           -0.19300  -2.52900   0.23700   0.08269  -2.43609   0.87118
                            0.30900  -1.60300   2.26800  -0.03254  -0.61163   2.02975
                            0.95600  -1.25800  -4.58600   0.32749  -1.03486  -4.85870
                            3.33000  -3.97300   0.29900   3.01870  -5.38143   0.30663
                            1.43700   0.94300   1.58200   1.64838   0.66760   1.67059
                           -0.33100   0.31500  -1.23500  -0.29105   0.03434  -1.14826
                            0.86700   2.60900  -1.73900   0.82900   2.67158  -1.21921
                            1.79100   0.95600   0.72900   1.07322   1.31428   1.00364
                           -0.52000  -4.28800  -1.82800  -0.13358  -4.48927  -2.12992
                            3.71300   0.46200  -0.47700   3.90170   0.79926  -0.26008
                            0.29000   1.61200   0.23700   0.49014   2.31561  -0.08520
                           -0.78500  -2.98700  -2.00600  -0.92412  -3.08507  -2.21720
                            0.73200  -3.19500   0.52800   0.47654  -3.38240   0.57647
                           -1.64900   1.00500  -0.50900  -1.76628   1.08662  -0.45124
                            1.45700   2.65200   0.02000   1.31914   2.90866  -0.18781
                           -0.62100   3.44300   2.22800  -0.94795   3.36700   2.13932
                            1.52400   0.02100   0.41900   1.48740   0.19882   0.70521
                           -2.18000  -3.08800   0.75900  -2.35167  -3.36182   0.23337
                            1.67100   3.39700   0.59400   1.85053   2.73367   0.98750
                           -0.32800  -0.95600   2.84200  -0.22427  -0.78550   2.96363
                           -3.11000  -1.10700  -2.59000  -3.02958  -1.40288  -2.28155
                            0.15100  -0.74400  -1.06000   0.36746  -0.42520  -0.30911
                           -2.80900   0.29800  -0.05900  -2.38168   0.68341  -0.57952
                           -0.66500   1.04000  -0.79800  -0.38065   0.58813  -1.15054
                            2.79300   2.36000   1.63700   2.96632   2.33853   2.13623
                           -2.08700  -0.10800   1.29700  -2.13858   0.44312   0.98528
                            1.90400   0.33900  -1.57500   2.18699   0.32456  -2.04218
                           -0.34900  -1.38700  -0.37500  -0.67540  -2.12092  -1.11439
                            2.28400   0.33300  -0.33500   2.26676   0.36355  -0.53037
                           -1.37500   1.30400  -1.97500  -1.58203   0.86019  -1.81036
                           -1.23200   0.93900   0.19000  -0.89656   0.65475   0.32349
                           -0.79600   2.20800   0.03500  -0.82903   2.37640   0.23377
vasprun1.xml_4              0.14500   1.28800  -0.46500   0.10612   1.59241  -0.17839
                           -0.35800   3.66800  -2.11400  -0.23699   3.34591  -2.57179
                           -2.06800  -3.45100   0.29800  -1.97122  -3.53472   0.44371
                           -3.67000   2.39800  -2.28000  -3.49596   2.44899  -1.95666
                            2.59500  -0.58300   0.97400   2.49899  -0.11116   1.12911
                           -0.95600   1.26500   4.53700  -1.35693   1.54822   4.99704
                           -0.13900  -4.33400   0.64600  -0.21131  -3.88531   0.43205
                           -0.69100  -1.98700  -0.74200  -0.71972  -1.91846  -0.73836
                           -4.02400  -4.99300  -2.88100  -4.79870  -4.71672  -3.14833
                            3.39300  -0.28800  -0.28400   3.33936  -0.58919  -0.11284
                           -3.78500  -0.54200   2.61100  -3.63297  -0.29193   2.23416
                            3.40200  -1.07000   0.46100   3.51681  -0.68165   0.34432
                           -0.12500   1.09600   0.25200   0.01957   1.13986  -0.00660
                            1.32600  -3.02500  -4.95800   1.58262  -3.55700  -5.43078
                           -3.35200  -0.73000   0.95700  -3.35332  -0.76282   0.83421
                           -2.03900  -0.28000   0.44700  -1.42196  -0.22948   0.89787
                           -0.22600  -0.35000  -1.15800  -0.10184  -0.54863  -1.29784
                            1.33600   4.23800   1.70600   1.48057   4.40804   1.98369
                            2.11400   0.46100  -2.06800   2.20624   0.18818  -1.46427
                           -0.92200   6.27500  -0.96700  -0.70203   6.95061  -0.99717
                           -0.43900   1.70200   3.60300  -0.28224   1.28082   3.15360
                           -2.97500  -0.78100   1.20600  -2.61874  -1.05765   1.53873
                            5.67500   0.44400   3.11900   5.16995   0.88223   3.35810
                            4.76500   2.50400  -0.66100   4.17735   2.96690  -0.19951
                            0.96700   2.86300  -2.82800   0.85446   2.16568  -3.02728
                            0.88500   1.02800  -0.15500   1.03733   0.32245  -0.37367
                           -5.36000  -0.35300  -1.70500  -5.62820  -0.23984  -1.61001
                            0.82100   1.43200   2.63900   0.86348   1.24829   2.20632
                           -1.45600   0.86400  -0.08500  -1.32215   1.19313   0.22060
                            0.49800  -4.09200   1.66900   0.68642  -4.44675   1.98362
                           -1.38500  -2.05900  -0.97100  -1.35983  -2.04236  -0.96092
                           -0.01000   0.19300   2.43700  -0.16741   0.48567   2.13248
                           -0.10600  -2.81700  -0.22800   0.14773  -2.61296   0.31675
                           -0.13500  -1.89300   2.52400  -0.42478  -0.83619   2.32144
                            1.64400  -2.16400  -3.12700   0.86614  -1.73153  -3.12509
                            3.13900  -4.21900   0.29400   2.69562  -5.78266   0.12299
                            1.50200   0.29100   1.17000   1.94062   0.19590   1.25973
                           -1.00100   0.63200  -1.30200  -0.98391   0.40436  -1.22178
                            1.04900   2.18500  -2.33000   1.05000   2.32951  -1.81206
                            1.75400   1.42600   1.44300   1.02528   1.68254   1.41816
                           -0.79800  -3.20000  -1.29600  -0.49338  -3.24021  -1.50348
                            4.25600   0.18900  -1.27200   4.41847   0.60687  -1.00688
                            0.37200   1.28600   0.36200   0.41301   1.79235  -0.04758
                           -1.28600  -3.21300  -1.31100  -1.29325  -3.34727  -1.53565
                            0.75000  -2.29300   0.30200   0.42385  -2.64034   0.31065
                           -1.32900   0.59900  -0.30100  -1.41211   0.74031  -0.32430
                            1.99300   2.79900   0.30500   1.82057   2.99505   0.12510
                            0.09100   2.35700   1.44700  -0.39726   2.28562   1.34865
                            1.10900   0.86500   0.72400   1.10311   0.87344   0.96226
                           -1.90400  -2.49300   0.77000  -2.11646  -2.73786   0.24542
                            0.22200   3.62700   0.55800   0.66575   2.93962   1.05810
                           -0.13300  -0.29800   2.79700   0.02068  -0.14610   2.99120
                           -3.60200  -1.00400  -2.31600  -3.48625  -1.28905  -2.15340
                            0.03000  -1.00800   0.14100   0.41619  -0.82270   0.89335
                           -2.03200   0.06400  -0.47000  -1.65684   0.35140  -1.04017
                           -1.17000  -0.03000  -1.68000  -0.84561  -0.26039  -1.91637
                            2.75600   2.48600   1.63800   3.09707   2.25779   2.12678
                           -2.61300  -0.23700   1.34300  -2.78024   0.30720   1.04037
                            2.71600  -0.00600  -1.38600   3.01530  -0.00313  -1.92620
                           -0.07400  -1.02900  -0.45400  -0.36533  -1.79559  -1.18169
                            2.30800   0.27100  -0.39000   2.30417   0.40159  -0.66488
                           -1.50900   1.61100  -1.57500  -1.70080   1.23069  -1.51147
                           -1.16700   0.57000   0.08400  -0.80053   0.16991   0.23099
                           -0.76900   1.84800   0.29800  -0.82454   2.12807   0.38389
vasprun1.xml_5              0.34600   0.82200   0.05100   0.25021   1.24772   0.19763
                           -0.31200   3.98900  -2.19400  -0.24041   3.54600  -2.46577
                           -2.61900  -3.07000   0.15300  -2.44324  -3.11090   0.24710
                           -3.06300   1.70000  -2.37900  -2.71757   1.61170  -1.93212
                            3.13200  -1.05800   0.78400   2.89056  -0.54921   0.97544
                           -0.51200   1.06200   5.34700  -0.99397   1.49921   5.91360
                           -0.13600  -3.96200   0.83300  -0.22525  -3.44144   0.65808
                           -1.05300  -1.90000  -0.54600  -1.04615  -1.89218  -0.64045
                           -4.28000  -4.68900  -3.18300  -4.91180  -4.38520  -3.44241
                            3.30200  -0.58800  -0.28200   3.26681  -0.91587  -0.05698
                           -3.94400  -0.19000   1.43100  -3.89511   0.02867   1.02451
                            3.24700  -0.66500  -0.22400   3.38597  -0.28622  -0.09955
                            0.24800   1.24300   0.07600   0.30072   1.34797  -0.18260
                            1.12100  -3.05800  -4.58100   1.40121  -3.70712  -5.12559
                           -4.17300  -0.58400   1.37500  -4.19600  -0.65037   1.24453
                           -2.46000   0.05600   0.45600  -1.76505   0.11308   0.90879
                            0.02900  -0.51700  -0.59500   0.04376  -0.81119  -0.81400
                            1.21800   4.33000   1.21100   1.49107   4.51716   1.51832
                            2.72900   1.28000  -2.00000   2.67113   0.87172  -1.46870
                           -0.81300   5.59200  -0.82400  -0.61990   6.10400  -0.81590
                           -0.05500   2.14700   4.06400  -0.00325   1.69548   3.62921
                           -3.12200  -1.02100   1.52100  -2.69929  -1.30126   1.81978
                            5.07200   0.71700   3.33000   4.61508   1.08548   3.59899
                            5.34400   2.71200  -0.77000   4.70862   3.16194  -0.30880
                            2.16200   1.70900  -3.12600   2.06876   1.36545  -3.21687
                            0.80700   1.12800  -0.90900   0.85267   0.35581  -1.06392
                           -5.39700  -0.54100  -1.93500  -5.66622  -0.42250  -1.80482
                            0.98900   1.52600   2.71300   0.99762   1.31757   2.10048
                           -1.58500   0.31300  -0.29300  -1.35903   0.73853   0.15047
                            0.32400  -3.36800   1.66100   0.44274  -3.54506   1.89525
                           -1.54800  -2.17900  -1.34800  -1.51645  -2.02374  -1.19727
                           -0.15000   0.48000   3.08700  -0.26450   0.66575   2.67194
                           -0.08000  -2.83700  -0.69300   0.10912  -2.54380  -0.20422
                           -0.56100  -2.26900   2.30800  -0.76300  -1.25778   2.15376
                            2.39100  -3.21900  -1.68800   1.56211  -2.56449  -1.59260
                            2.85000  -4.03000   0.43000   2.27026  -5.42918   0.17832
                            1.43800  -0.13900   0.62500   2.04901  -0.11345   0.73932
                           -1.39700   0.87200  -1.26400  -1.44525   0.72788  -1.18793
                            1.21900   1.98700  -2.68600   1.27650   2.10262  -2.25481
                            1.50100   1.97300   1.88400   0.79738   2.13475   1.62791
                           -1.06800  -1.84800  -0.51400  -0.85620  -1.92333  -0.68567
                            4.15700   0.10400  -2.27400   4.27773   0.52509  -2.03077
                            0.39200   0.90300   0.39300   0.27369   1.11200  -0.11368
                           -1.62200  -3.26300  -0.65300  -1.55723  -3.34452  -0.85126
                            0.63300  -1.14500  -0.08500   0.28928  -1.74358  -0.13010
                           -0.84100   0.24000  -0.10600  -0.85784   0.39640  -0.22031
                            2.37900   2.74300   0.38200   2.20307   2.87374   0.31877
                            1.17600   1.10600   0.39700   0.63695   1.11376   0.33316
                            0.75400   1.76000   0.90200   0.78166   1.67882   1.11789
                           -1.62100  -1.66200   0.69400  -1.87619  -1.86726   0.20683
                           -1.46900   3.12000   0.51500  -0.74780   2.43222   1.08350
                            0.10200   0.39100   2.50600   0.28125   0.51677   2.79840
                           -3.98200  -0.85900  -1.92600  -3.79596  -1.09659  -1.95690
                           -0.22600  -1.25200   1.30100   0.32386  -1.21481   2.09109
                           -1.16000  -0.21600  -0.81800  -0.91594  -0.05837  -1.35520
                           -1.50500  -0.68300  -2.47900  -1.15882  -0.76462  -2.61611
                            2.48800   2.52300   1.24000   2.95065   2.14382   1.74981
                           -2.99600  -0.37000   1.28500  -3.31069   0.11710   1.03775
                            3.09500  -0.19700  -0.85400   3.33359  -0.15993  -1.44080
                            0.21600  -0.62200  -0.65800   0.06544  -1.34444  -1.34778
                            2.12100   0.15600  -0.44300   2.12794   0.34550  -0.78974
                           -1.49100   1.54600  -1.18900  -1.69743   1.19338  -1.25872
                           -1.00700   0.24500  -0.05300  -0.62584  -0.18682   0.11637
                           -0.74300   1.51900   0.61000  -0.82503   1.96811   0.56535
