 
 Forces:
 
 Structure          fitdata                        truedata
 ------------------------------------------------------------------------------
vasprun1.xml_1              0.00000   0.00000   0.00000  -0.00000  -0.00000  -0.00000
                            0.00000   0.00000   0.00000  -0.00000   0.00000  -0.00000
vasprun1.xml_2             -0.28400   1.39400  -1.34700  -0.09808   1.52520  -0.88640
                           -0.55600   3.26000  -1.77000  -0.30607   3.10207  -2.49632
                           -1.55000  -2.64500   0.96600  -1.58438  -2.80746   0.97211
                           -3.79700   3.26600  -2.13700  -3.68384   3.38451  -2.21111
                            1.47500   0.41400   1.30800   1.71387   0.86919   1.48049
                           -1.96000   1.65700   3.51400  -2.06628   1.72089   3.81069
                           -0.20900  -4.51500   0.43600  -0.03603  -4.39711   0.11589
                            0.18400  -1.98100  -0.48600   0.13053  -1.82641  -0.54999
                           -2.34900  -5.59100  -2.05700  -3.14681  -5.63820  -2.38821
                            3.28100   0.09000  -0.07500   3.20425   0.07874  -0.01112
                           -3.25500  -1.15900   4.76200  -3.00224  -0.81094   4.83074
                            3.33000  -1.81000   1.82200   3.51816  -1.46324   1.30783
                           -0.61500   0.85800   0.35300  -0.36086   0.88243   0.11123
                            1.36900  -2.35500  -4.71200   1.58160  -2.67586  -4.99635
                           -2.70100  -1.43800   0.17600  -2.59336  -1.30033   0.17592
                           -0.93500  -1.01400   0.66300  -0.57098  -0.96045   0.70922
                           -0.45300  -0.45100  -2.05600  -0.12395  -0.29814  -2.04406
                            0.96300   4.75300   2.35600   0.88802   4.94876   2.65414
                            1.84900  -0.66400  -1.91500   2.09279  -0.79328  -1.21107
                           -1.97200   5.64200  -1.32300  -2.14943   5.69930  -1.46068
                           -1.02600   0.25400   2.70800  -0.58147   0.26594   2.49704
                           -2.50100  -0.80900   0.78300  -2.45209  -1.01960   1.12693
                            6.64200  -0.63000   1.78800   6.10057  -0.26761   1.96810
                            3.21700   1.81500  -0.32400   2.57877   2.08089  -0.00999
                           -0.65500   4.41600  -2.03100  -0.81377   3.80810  -2.30747
                            0.93100   0.69900   0.78800   1.26591   0.34847   0.60444
                           -4.30800  -0.21200  -1.66000  -4.48874  -0.28255  -1.53697
                            0.39700   0.15100   2.48400   0.39012  -0.03007   2.32611
                           -0.81600   2.06800   0.19900  -0.91367   2.31080   0.20879
                            0.75200  -4.77300   2.28900   1.01638  -5.32003   2.67385
                           -1.10300  -2.05500  -0.24900  -1.19880  -2.26029  -0.26746
                            0.10300  -0.92000   1.69000  -0.06627  -0.47763   1.59230
                           -0.20600  -2.02700   0.85000   0.05390  -2.01339   1.45065
                            0.78200  -1.57700   1.80900   0.36103  -0.73599   1.60065
                            0.41700  -0.65700  -5.67100   0.00094  -0.58066  -6.17321
                            3.56800  -2.79500   0.23800   3.46504  -3.70169   0.48187
                            1.28300   1.49100   1.64900   1.27984   1.11768   1.74916
                            0.49500  -0.04900  -1.05600   0.50551  -0.37041  -1.04793
                            0.77900   3.08300  -1.32100   0.52490   3.05831  -0.86914
                            1.70900   0.39300   0.23600   1.01363   0.87113   0.60429
                           -0.12700  -4.51500  -2.37900   0.19925  -5.07407  -2.78930
                            2.72000   0.93100  -0.03700   3.04479   1.07529   0.07663
                            0.12300   1.69500   0.03600   0.45173   2.56680  -0.07351
                           -0.17000  -2.36000  -2.73500  -0.40777  -2.44679  -2.98117
                            0.69800  -3.53900   0.81700   0.54798  -3.77199   0.83336
                           -1.76600   1.43600  -0.58100  -1.99485   1.48636  -0.42406
                            0.83600   2.15300  -0.69100   0.78602   2.62191  -0.81132
                           -0.78900   3.99700   2.46300  -1.07643   3.76626   2.65258
                            1.84900  -0.48900   0.17200   1.80337  -0.27156   0.46821
                           -2.30400  -3.28700   0.60800  -2.50965  -3.60446   0.13559
                            2.54000   2.89000   0.62300   2.60756   2.29567   0.87115
                           -0.40000  -1.62300   2.60300  -0.35579  -1.33600   2.68011
                           -2.65500  -1.17300  -2.61700  -2.46249  -1.41833  -2.30032
                            0.13500  -0.44600  -1.67400   0.16908  -0.02982  -1.18271
                           -3.08600   0.39100   0.60200  -2.69857   0.91481   0.16543
                           -0.10100   1.76300   0.12000   0.10941   1.29214  -0.24906
                            2.48100   1.98100   1.83700   2.53815   2.14647   2.29144
                           -1.47200   0.18800   0.90600  -1.43175   0.63827   0.66309
                            1.02800   0.70900  -1.33600   1.31921   0.71582  -1.83109
                           -0.62100  -1.59400  -0.50100  -0.95818  -2.33005  -1.13257
                            2.10400   0.44400  -0.18200   2.02025   0.30428  -0.37801
                           -1.16800   1.06500  -2.11500  -1.35821   0.57044  -1.89299
                           -1.31100   1.39500   0.31000  -0.92638   1.21462   0.38247
                           -0.82000   2.41300   0.07700  -0.86537   2.63288   0.24107
vasprun1.xml_3             -0.09600   1.50000  -0.91300  -0.02152   1.69939  -0.52117
                           -0.44200   3.43200  -1.90800  -0.23597   3.19448  -2.56452
                           -1.70100  -3.18200   0.51200  -1.74557  -3.29750   0.62188
                           -3.89500   3.03700  -2.18200  -3.77897   3.10424  -2.04252
                            2.02800  -0.13100   1.08700   2.10832   0.33747   1.26768
                           -1.44600   1.39400   3.88500  -1.71943   1.59207   4.28396
                           -0.15000  -4.52000   0.61800  -0.10103  -4.21224   0.28877
                           -0.26400  -2.01000  -0.74600  -0.28736  -1.93380  -0.72280
                           -3.24000  -5.34400  -2.51600  -4.08392  -5.22093  -2.81224
                            3.35100  -0.06200  -0.25000   3.28908  -0.23074  -0.10957
                           -3.42300  -0.94200   3.95900  -3.25263  -0.60492   3.73802
                            3.33700  -1.53200   1.20700   3.51336  -1.10445   0.87396
                           -0.43900   0.98600   0.31200  -0.20697   0.98616   0.11802
                            1.43400  -2.64000  -4.90700   1.65103  -3.12014  -5.26426
                           -2.86900  -1.06300   0.43400  -2.86755  -0.99894   0.37168
                           -1.48500  -0.66100   0.55400  -0.93601  -0.59395   0.83246
                           -0.38800  -0.31400  -1.50600  -0.16950  -0.37646  -1.64106
                            1.22400   4.33700   2.08600   1.27762   4.53338   2.40581
                            1.86200  -0.26800  -2.05000   2.03023  -0.39049  -1.37028
                           -1.25900   6.58700  -1.15000  -1.25888   6.99173  -1.24775
                           -0.85700   1.03600   3.18000  -0.46609   0.79387   2.77767
                           -2.74200  -0.71300   0.96100  -2.53643  -0.96763   1.26915
                            6.29200  -0.06100   2.51700   5.76242   0.38415   2.80291
                            4.00000   2.22200  -0.47500   3.41388   2.59054  -0.05088
                           -0.05800   3.86600  -2.54000  -0.16529   3.14203  -2.77615
                            0.98400   0.82600   0.39800   1.22154   0.32490   0.16998
                           -4.91900  -0.19500  -1.58100  -5.10628  -0.20936  -1.50454
                            0.58900   0.96700   2.55300   0.65116   0.79321   2.27461
                           -1.13900   1.57900   0.08200  -1.15917   1.83115   0.28084
                            0.60200  -4.73800   1.94600   0.84087  -5.19872   2.31587
                           -1.20700  -1.98000  -0.62200  -1.27624  -2.13844  -0.64499
                            0.11400  -0.31100   2.00700  -0.09219   0.08693   1.78906
                           -0.20500  -2.55100   0.32800   0.08269  -2.43609   0.87118
                            0.35500  -1.60900   2.24800  -0.03254  -0.61163   2.02975
                            0.90400  -1.20300  -4.62600   0.32749  -1.03486  -4.85870
                            3.19900  -4.02500   0.28000   3.01870  -5.38143   0.30663
                            1.41900   0.90100   1.53900   1.64838   0.66760   1.67059
                           -0.32800   0.34200  -1.19400  -0.29105   0.03434  -1.14826
                            1.13000   2.71000  -1.74800   0.82900   2.67158  -1.21921
                            1.82100   0.91500   0.78900   1.07322   1.31428   1.00364
                           -0.46000  -4.23700  -1.81800  -0.13358  -4.48927  -2.12992
                            3.67100   0.51800  -0.43200   3.90170   0.79926  -0.26008
                            0.25500   1.60000   0.14500   0.49014   2.31561  -0.08520
                           -0.77200  -2.96900  -1.93000  -0.92412  -3.08507  -2.21720
                            0.70000  -3.11000   0.62500   0.47654  -3.38240   0.57647
                           -1.56400   0.98300  -0.52600  -1.76628   1.08662  -0.45124
                            1.42200   2.51500   0.00800   1.31914   2.90866  -0.18781
                           -0.56800   3.57500   2.09300  -0.94795   3.36700   2.13932
                            1.54000   0.06500   0.46000   1.48740   0.19882   0.70521
                           -2.15900  -3.03700   0.74100  -2.35167  -3.36182   0.23337
                            1.62600   3.40000   0.64400   1.85053   2.73367   0.98750
                           -0.37200  -1.03300   2.82300  -0.22427  -0.78550   2.96363
                           -3.27400  -1.23500  -2.56000  -3.02958  -1.40288  -2.28155
                            0.16900  -0.79500  -0.95700   0.36746  -0.42520  -0.30911
                           -2.76300   0.25800  -0.06400  -2.38168   0.68341  -0.57952
                           -0.66400   0.98500  -0.79300  -0.38065   0.58813  -1.15054
                            2.75600   2.34300   1.59800   2.96632   2.33853   2.13623
                           -2.06200  -0.05800   1.26700  -2.13858   0.44312   0.98528
                            1.92000   0.29900  -1.49400   2.18699   0.32456  -2.04218
                           -0.32300  -1.33900  -0.47400  -0.67540  -2.12092  -1.11439
                            2.31900   0.41100  -0.32400   2.26676   0.36355  -0.53037
                           -1.40700   1.24800  -1.94100  -1.58203   0.86019  -1.81036
                           -1.29800   0.90900   0.22400  -0.89656   0.65475   0.32349
                           -0.78600   2.11800   0.11000  -0.82903   2.37640   0.23377
vasprun1.xml_4              0.14700   1.23600  -0.43100   0.10612   1.59241  -0.17839
                           -0.36200   3.64800  -2.03800  -0.23699   3.34591  -2.57179
                           -1.98200  -3.42700   0.34800  -1.97122  -3.53472   0.44371
                           -3.71000   2.48300  -2.28800  -3.49596   2.44899  -1.95666
                            2.60600  -0.58500   0.95200   2.49899  -0.11116   1.12911
                           -0.96400   1.23500   4.51500  -1.35693   1.54822   4.99704
                           -0.16100  -4.30400   0.74900  -0.21131  -3.88531   0.43205
                           -0.71400  -1.96300  -0.75200  -0.71972  -1.91846  -0.73836
                           -3.99300  -4.96000  -2.87800  -4.79870  -4.71672  -3.14833
                            3.37500  -0.30400  -0.34600   3.33936  -0.58919  -0.11284
                           -3.71700  -0.60800   2.67100  -3.63297  -0.29193   2.23416
                            3.33900  -1.14600   0.39400   3.51681  -0.68165   0.34432
                           -0.17500   1.12800   0.16800   0.01957   1.13986  -0.00660
                            1.33200  -2.92500  -4.94700   1.58262  -3.55700  -5.43078
                           -3.29900  -0.76400   0.96200  -3.35332  -0.76282   0.83421
                           -2.10600  -0.27400   0.49200  -1.42196  -0.22948   0.89787
                           -0.21100  -0.32700  -1.07300  -0.10184  -0.54863  -1.29784
                            1.30600   4.23400   1.63600   1.48057   4.40804   1.98369
                            2.12500   0.40000  -2.11500   2.20624   0.18818  -1.46427
                           -0.77600   6.49500  -0.96100  -0.70203   6.95061  -0.99717
                           -0.55700   1.71500   3.63000  -0.28224   1.28082   3.15360
                           -2.94300  -0.78100   1.27400  -2.61874  -1.05765   1.53873
                            5.68600   0.44100   3.02800   5.16995   0.88223   3.35810
                            4.75400   2.55100  -0.63100   4.17735   2.96690  -0.19951
                            0.98000   2.75700  -2.87000   0.85446   2.16568  -3.02728
                            0.91200   0.96300  -0.12700   1.03733   0.32245  -0.37367
                           -5.40400  -0.32500  -1.72200  -5.62820  -0.23984  -1.61001
                            0.77000   1.38400   2.61400   0.86348   1.24829   2.20632
                           -1.40400   0.88500  -0.13400  -1.32215   1.19313   0.22060
                            0.48300  -4.16500   1.65200   0.68642  -4.44675   1.98362
                           -1.36900  -1.98500  -0.97600  -1.35983  -2.04236  -0.96092
                            0.03600   0.13600   2.48700  -0.16741   0.48567   2.13248
                           -0.11400  -2.84400  -0.16100   0.14773  -2.61296   0.31675
                           -0.15700  -1.91500   2.50500  -0.42478  -0.83619   2.32144
                            1.58800  -2.06900  -3.12700   0.86614  -1.73153  -3.12509
                            3.01000  -4.32400   0.28500   2.69562  -5.78266   0.12299
                            1.49300   0.27000   1.13500   1.94062   0.19590   1.25973
                           -0.99500   0.66500  -1.25800  -0.98391   0.40436  -1.22178
                            1.29400   2.34100  -2.32500   1.05000   2.32951  -1.81206
                            1.76700   1.36800   1.44200   1.02528   1.68254   1.41816
                           -0.74700  -3.09600  -1.28300  -0.49338  -3.24021  -1.50348
                            4.24700   0.27000  -1.26200   4.41847   0.60687  -1.00688
                            0.31500   1.32700   0.26600   0.41301   1.79235  -0.04758
                           -1.23800  -3.21800  -1.24500  -1.29325  -3.34727  -1.53565
                            0.70800  -2.22500   0.37000   0.42385  -2.64034   0.31065
                           -1.22700   0.60900  -0.31400  -1.41211   0.74031  -0.32430
                            1.94800   2.65100   0.25700   1.82057   2.99505   0.12510
                            0.10400   2.47800   1.37100  -0.39726   2.28562   1.34865
                            1.10700   0.87600   0.75800   1.10311   0.87344   0.96226
                           -1.89400  -2.44500   0.74300  -2.11646  -2.73786   0.24542
                            0.21400   3.63500   0.60600   0.66575   2.93962   1.05810
                           -0.19900  -0.33600   2.79000   0.02068  -0.14610   2.99120
                           -3.77500  -1.16200  -2.33800  -3.48625  -1.28905  -2.15340
                            0.04900  -1.07000   0.15900   0.41619  -0.82270   0.89335
                           -1.99100   0.01000  -0.47400  -1.65684   0.35140  -1.04017
                           -1.17800   0.00000  -1.63800  -0.84561  -0.26039  -1.91637
                            2.72400   2.44500   1.56300   3.09707   2.25779   2.12678
                           -2.59700  -0.20400   1.33900  -2.78024   0.30720   1.04037
                            2.78100  -0.06700  -1.33400   3.01530  -0.00313  -1.92620
                           -0.08600  -1.00100  -0.57900  -0.36533  -1.79559  -1.18169
                            2.34100   0.34500  -0.41400   2.30417   0.40159  -0.66488
                           -1.53600   1.56200  -1.57400  -1.70080   1.23069  -1.51147
                           -1.20200   0.52100   0.10000  -0.80053   0.16991   0.23099
                           -0.75700   1.75800   0.35800  -0.82454   2.12807   0.38389
vasprun1.xml_5              0.38600   0.77300   0.12600   0.25021   1.24772   0.19763
                           -0.29100   3.95400  -2.06900  -0.24041   3.54600  -2.46577
                           -2.56100  -3.03200   0.14400  -2.44324  -3.11090   0.24710
                           -3.07500   1.72000  -2.42900  -2.71757   1.61170  -1.93212
                            3.13800  -1.04100   0.85600   2.89056  -0.54921   0.97544
                           -0.53200   1.00600   5.34700  -0.99397   1.49921   5.91360
                           -0.15700  -3.95000   0.93900  -0.22525  -3.44144   0.65808
                           -1.07500  -1.93700  -0.56000  -1.04615  -1.89218  -0.64045
                           -4.23200  -4.65600  -3.21100  -4.91180  -4.38520  -3.44241
                            3.28000  -0.57100  -0.35100   3.26681  -0.91587  -0.05698
                           -3.91100  -0.24200   1.43900  -3.89511   0.02867   1.02451
                            3.19400  -0.74900  -0.27200   3.38597  -0.28622  -0.09955
                            0.17100   1.28900   0.01600   0.30072   1.34797  -0.18260
                            1.14900  -2.97000  -4.56200   1.40121  -3.70712  -5.12559
                           -4.13300  -0.62000   1.38400  -4.19600  -0.65037   1.24453
                           -2.52300   0.08500   0.48200  -1.76505   0.11308   0.90879
                            0.03200  -0.50400  -0.51500   0.04376  -0.81119  -0.81400
                            1.22700   4.32400   1.19400   1.49107   4.51716   1.51832
                            2.71700   1.19700  -2.04500   2.67113   0.87172  -1.46870
                           -0.68000   5.82000  -0.79300  -0.61990   6.10400  -0.81590
                           -0.15900   2.14300   4.08100  -0.00325   1.69548   3.62921
                           -3.08700  -1.01000   1.59400  -2.69929  -1.30126   1.81978
                            5.08600   0.67400   3.26300   4.61508   1.08548   3.59899
                            5.34000   2.76500  -0.72200   4.70862   3.16194  -0.30880
                            2.16400   1.66500  -3.16200   2.06876   1.36545  -3.21687
                            0.84100   1.06300  -0.86800   0.85267   0.35581  -1.06392
                           -5.43800  -0.54400  -1.95800  -5.66622  -0.42250  -1.80482
                            0.92600   1.47300   2.66700   0.99762   1.31757   2.10048
                           -1.55400   0.35300  -0.30900  -1.35903   0.73853   0.15047
                            0.32100  -3.41900   1.67100   0.44274  -3.54506   1.89525
                           -1.60200  -2.09600  -1.32700  -1.51645  -2.02374  -1.19727
                           -0.09700   0.39100   3.13200  -0.26450   0.66575   2.67194
                           -0.08900  -2.85900  -0.65500   0.10912  -2.54380  -0.20422
                           -0.64000  -2.31400   2.28800  -0.76300  -1.25778   2.15376
                            2.38200  -3.12600  -1.66000   1.56211  -2.56449  -1.59260
                            2.71400  -4.14700   0.43100   2.27026  -5.42918   0.17832
                            1.43400  -0.13900   0.62300   2.04901  -0.11345   0.73932
                           -1.38600   0.91100  -1.21300  -1.44525   0.72788  -1.18793
                            1.39700   2.15200  -2.65300   1.27650   2.10262  -2.25481
                            1.51300   1.91000   1.85100   0.79738   2.13475   1.62791
                           -1.02500  -1.75800  -0.55300  -0.85620  -1.92333  -0.68567
                            4.15300   0.20100  -2.32600   4.27773   0.52509  -2.03077
                            0.31900   0.90900   0.29700   0.27369   1.11200  -0.11368
                           -1.54400  -3.26500  -0.59600  -1.55723  -3.34452  -0.85126
                            0.59500  -1.10800  -0.08400   0.28928  -1.74358  -0.13010
                           -0.73200   0.29500  -0.13900  -0.85784   0.39640  -0.22031
                            2.35800   2.61700   0.36800   2.20307   2.87374   0.31877
                            1.18900   1.18600   0.39900   0.63695   1.11376   0.33316
                            0.73100   1.75200   0.91100   0.78166   1.67882   1.11789
                           -1.61900  -1.58600   0.67000  -1.87619  -1.86726   0.20683
                           -1.45000   3.12600   0.56000  -0.74780   2.43222   1.08350
                            0.01100   0.39800   2.52100   0.28125   0.51677   2.79840
                           -4.09900  -0.99300  -1.98600  -3.79596  -1.09659  -1.95690
                           -0.18300  -1.24600   1.27400   0.32386  -1.21481   2.09109
                           -1.13200  -0.27500  -0.80800  -0.91594  -0.05837  -1.35520
                           -1.51900  -0.62400  -2.42400  -1.15882  -0.76462  -2.61611
                            2.47900   2.47400   1.16400   2.95065   2.14382   1.74981
                           -3.01500  -0.35100   1.28600  -3.31069   0.11710   1.03775
                            3.17500  -0.26800  -0.83100   3.33359  -0.15993  -1.44080
                            0.20300  -0.60900  -0.80400   0.06544  -1.34444  -1.34778
                            2.15700   0.22700  -0.45400   2.12794   0.34550  -0.78974
                           -1.51900   1.50000  -1.25000  -1.69743   1.19338  -1.25872
                           -1.01100   0.21200  -0.04900  -0.62584  -0.18682   0.11637
                           -0.71300   1.44600   0.66000  -0.82503   1.96811   0.56535
