  0.389000E+00  0.843000E+00  0.950000E-01
 -0.281000E+00  0.382000E+01 -0.201100E+01
 -0.245200E+01 -0.289200E+01 -0.110000E-01
 -0.312800E+01  0.175500E+01 -0.241300E+01
  0.307200E+01 -0.937000E+00  0.100200E+01
 -0.620000E+00  0.887000E+00  0.528200E+01
 -0.151000E+00 -0.382500E+01  0.879000E+00
 -0.109400E+01 -0.182800E+01 -0.633000E+00
 -0.411000E+01 -0.490500E+01 -0.331700E+01
  0.333400E+01 -0.544000E+00 -0.210000E+00
 -0.387800E+01 -0.780000E-01  0.144300E+01
  0.309600E+01 -0.727000E+00 -0.336000E+00
  0.780000E-01  0.125300E+01  0.103000E+00
  0.127800E+01 -0.303800E+01 -0.487100E+01
 -0.391600E+01 -0.573000E+00  0.139100E+01
 -0.249000E+01  0.610000E-01  0.534000E+00
  0.850000E-01 -0.477000E+00 -0.447000E+00
  0.125700E+01  0.441100E+01  0.148700E+01
  0.262200E+01  0.116400E+01 -0.202700E+01
 -0.676000E+00  0.590000E+01 -0.734000E+00
 -0.164000E+00  0.224100E+01  0.415000E+01
 -0.305100E+01 -0.120500E+01  0.160500E+01
  0.516900E+01  0.613000E+00  0.333200E+01
  0.514900E+01  0.270400E+01 -0.665000E+00
  0.216000E+01  0.155700E+01 -0.320700E+01
  0.813000E+00  0.110900E+01 -0.809000E+00
 -0.556500E+01 -0.505000E+00 -0.216100E+01
  0.863000E+00  0.135100E+01  0.278700E+01
 -0.171800E+01  0.238000E+00 -0.390000E+00
  0.324000E+00 -0.331400E+01  0.160600E+01
 -0.161600E+01 -0.202100E+01 -0.126700E+01
  0.390000E-01  0.335000E+00  0.291700E+01
 -0.490000E-01 -0.285600E+01 -0.644000E+00
 -0.607000E+00 -0.235900E+01  0.238000E+01
  0.236300E+01 -0.300200E+01 -0.148900E+01
  0.259600E+01 -0.408400E+01  0.396000E+00
  0.136600E+01 -0.164000E+00  0.691000E+00
 -0.143400E+01  0.852000E+00 -0.126300E+01
  0.133200E+01  0.215000E+01 -0.262600E+01
  0.149400E+01  0.179200E+01  0.173000E+01
 -0.104800E+01 -0.181600E+01 -0.594000E+00
  0.420500E+01  0.164000E+00 -0.230000E+01
  0.401000E+00  0.979000E+00  0.282000E+00
 -0.155900E+01 -0.318000E+01 -0.608000E+00
  0.597000E+00 -0.120000E+01 -0.670000E-01
 -0.802000E+00  0.319000E+00 -0.750000E-01
  0.243700E+01  0.258200E+01  0.368000E+00
  0.116300E+01  0.112300E+01  0.378000E+00
  0.716000E+00  0.165400E+01  0.102200E+01
 -0.163000E+01 -0.155900E+01  0.712000E+00
 -0.136900E+01  0.308100E+01  0.553000E+00
 -0.290000E-01  0.412000E+00  0.255300E+01
 -0.410900E+01 -0.916000E+00 -0.201300E+01
 -0.430000E-01 -0.118400E+01  0.121700E+01
 -0.114800E+01 -0.214000E+00 -0.817000E+00
 -0.149400E+01 -0.535000E+00 -0.253200E+01
  0.249500E+01  0.252900E+01  0.109700E+01
 -0.312400E+01 -0.371000E+00  0.138200E+01
  0.321200E+01 -0.329000E+00 -0.866000E+00
  0.167000E+00 -0.593000E+00 -0.780000E+00
  0.230300E+01  0.247000E+00 -0.517000E+00
 -0.154800E+01  0.150700E+01 -0.131400E+01
 -0.101500E+01  0.177000E+00 -0.350000E-01
 -0.659000E+00  0.141600E+01  0.673000E+00
